500.0
10
0.1,0.1,0.1,0.1,0.1,0.1,0.1,0.1,0.1,0.1
0.0,190.15172214629084,289.3635214291362,185.97788043256924,181.7022502964014,133.37638459765319,221.3499706582199,209.0713243363337,129.15245087257028,149.7968192090075
190.15172214629084,0.0,194.64624453461283,204.18265227145073,223.12979800293164,195.36218367050364,187.56817515619937,253.5746247809791,172.008305153257,191.66330773624736
289.3635214291362,194.64624453461283,0.0,293.07178849663006,204.68568910814685,230.85276297166845,265.7604446466968,299.88628433346435,269.06467790991,311.17796339258337
185.97788043256924,204.18265227145073,293.07178849663006,0.0,201.8619567496339,228.2433747989966,197.15976072097843,161.66473876280605,164.74361575012125,196.15252864335346
181.7022502964014,223.12979800293164,204.68568910814685,201.8619567496339,0.0,177.32612363393764,230.65206370719213,141.29599270310945,166.4478311767295,257.7716531472214
133.37638459765319,195.36218367050364,230.85276297166845,228.2433747989966,177.32612363393764,0.0,268.0686237200081,252.05498426083238,181.19790339318374,212.32302761045625
221.3499706582199,187.56817515619937,265.7604446466968,197.15976072097843,230.65206370719213,268.0686237200081,0.0,204.44943128120826,237.88426386332455,240.1864051879316
209.0713243363337,253.5746247809791,299.88628433346435,161.66473876280605,141.29599270310945,252.05498426083238,204.44943128120826,0.0,165.90531557879726,280.8290247484762
129.15245087257028,172.008305153257,269.06467790991,164.74361575012125,166.4478311767295,181.19790339318374,237.88426386332455,165.90531557879726,0.0,214.77637112186517
149.7968192090075,191.66330773624736,311.17796339258337,196.15252864335346,257.7716531472214,212.32302761045625,240.1864051879316,280.8290247484762,214.77637112186517,0.0
767.7820766467225,769.2346554556383,677.435519113913,804.8090896336539,765.2801407315934,734.3167582703493,794.4024409291345,848.1600822156882,780.1088491058525,799.2194417967615
686.7294578145168,597.7465388621748,540.0858634320531,632.0286078419035,670.0515150288046,618.7714612990687,689.6590145131886,714.9317639042144,642.0390054388922,670.4862717641047
839.6102581636137,815.561040936121,694.5155786334486,799.5796124003725,788.5226614858044,792.694428145352,803.8301830390091,865.3536748984807,858.6567928956871,826.1905731971776
716.9325772237659,696.5087960836302,592.235809484897,725.5081662305009,698.5162113892844,662.0708023430163,705.500811801785,788.8272501658984,762.1133531709218,676.4344369132908
429.46309339045706,385.39877089728856,362.63963086642747,471.75484691506665,477.4290106753145,367.9936648369885,442.41868922664617,546.5108524842879,475.8961925653561,426.68822115269796
676.8068023047391,666.3973492275829,613.5723806211871,633.6205855428321,666.3826781159452,629.1592799361003,669.1631502692119,711.1332305887695,681.150050230726,705.155750837817
632.3579573918178,610.7960164652441,507.12578687057606,641.4820811948656,608.7651230087639,553.4821135766871,692.6604339627229,718.0606487992792,650.2183890693798,628.7098015392462
508.05034140941785,539.4495859816639,502.94510027008545,558.2245942486029,550.4082919615269,434.076202270479,609.0745166224832,636.7594598301263,554.8912810756459,539.5393414552879
745.4051654590442,739.0126260979225,713.6925806183688,711.9583342864717,781.5262836205732,716.9922618670656,763.9062284135506,823.549981431226,758.3186337670672,740.6212166332635
555.538216961902,635.2484548055276,647.0525493254565,552.9419563928934,615.172278552681,564.884262224395,676.9415652953595,650.3058676089216,577.6043998844922,536.1536256965387
837.8270734344945,818.1077488871556,710.1663867982628,852.611607354432,815.3707936553533,780.3436101605735,857.7037097102101,924.9775745469886,879.7476886854422,798.3739893971883
681.7914928442699,684.7836251165036,625.2174127432169,675.2055631379656,686.4072270652537,657.4871419439168,662.3900208390655,752.2900613099949,725.4038953570687,674.1776296581111
482.5523952665027,490.30145046367676,537.1674762367911,554.9480396177723,543.3178034732256,455.1985997233426,652.9844632879662,613.6725402852348,473.9426872650043,466.97276150516
577.0853692353801,584.055122333073,508.3910450099583,493.1061709591133,519.8943154564447,523.2495251662556,560.5106802378285,547.2814939313755,570.0219521479142,615.4795250880661
593.20939911367,557.1678473980222,417.0743984087502,602.2707009155512,532.0869021423448,515.8196447361795,580.7884829153895,628.992872101729,607.6718810970079,594.4616283528826
545.641158840066,546.5411571090248,528.4903628683719,554.2015267235101,559.7013366068013,497.0056208296469,655.2000658661058,654.503266875748,572.8561512537128,493.48333243350316
430.6522684450958,314.5832185155429,248.30004030343736,345.45526118477494,348.9724223626519,418.81276994093014,331.2851963545577,386.34399065219446,393.61815655804156,383.61723731817625
657.8073451554071,699.1318319088421,639.3933161526493,710.5125850292918,666.9499586756814,577.7372077978541,733.082268008303,738.8709430854061,685.4581168244217,720.2475844299744
589.8944452547693,565.1164516120687,487.65403531118915,507.3287189409277,537.6645125276923,514.5235303069791,584.5595704769037,575.8995286557395,570.209879935687,615.0016096290292
678.9640403035544,637.3721316590091,657.3385660027186,646.4882923742422,723.7861150307945,656.8318902816009,750.912539244899,774.3243597171127,668.1904229651349,602.4435209615207
534.395847561391,490.9186512954592,524.8478461823184,457.7698722140253,566.6131203347228,518.9568032967276,516.1427347875556,542.1996184617008,494.78391295579706,524.5517801452457
438.17737605125495,523.4939429967382,521.0962095802121,493.4915098606166,505.43242420829756,446.93750995192164,520.558148876924,542.7380246405098,475.62986734400664,498.19401435287904
915.4366947609382,919.2936610507402,820.0004238397177,909.2595088504851,897.9196038382013,860.416568258978,923.8661230585213,970.5529564786932,950.5602433913015,878.5739536955391
650.5298288136837,682.9115575401938,583.1464227183661,571.970540705847,570.6659539121681,626.043617304771,649.350622081202,603.5060846275669,643.2110255913083,656.6369144541749
624.6003048613161,678.5267585806981,662.6993251482551,588.9143877496225,656.1751152813988,580.5843209678284,674.6393432572744,682.4722928081604,661.5746164216688,623.6223099414997
791.6552648851081,735.3080467804173,642.2746011071007,814.3398579218898,793.0681062908305,707.1959761675337,808.0498697571295,887.3265862732342,822.6070124572043,754.6625719268527
730.6605215190635,678.9038508377614,633.2272915778316,730.3565219328747,752.264608671576,688.3033485004961,749.7914845428934,807.5164416561266,714.0776538393816,721.5529783776116
684.4888148256864,705.0666389521022,650.579133678087,753.0801879019662,726.8793435194182,627.6835904102699,784.4619888602361,817.3600841487086,717.9879661160736,681.3502147300883
682.114550465164,637.0050597542295,560.4360419634094,669.84429444479,655.5245517947048,617.5809963002596,744.7202848973325,761.0698546560934,690.6292176542871,629.4892456289041
749.7140217692903,782.7221439562146,664.6567704974235,764.3241655170449,710.0296756016293,711.5439307983718,801.6592238283173,808.1255122404359,772.4950059010914,765.0518173845842
735.9366141380931,726.9545595355808,635.7633330501013,770.3136761386879,730.8862090942135,665.1630071459932,794.77205142814,810.5724201990835,732.7036904626805,754.914218606158
587.0416666108289,552.9577973274264,492.15742109239307,666.6783250948597,599.9266947128268,522.3729338765525,645.557127879235,698.6835653824389,610.1657272887588,572.44533645784
340.48373018741046,445.54228114859944,413.31206316291264,386.6377183117585,361.84614398206105,342.3807255653933,421.7326111120781,409.77003492039097,385.1123635492326,386.1748033625145
650.4111127091409,617.2188667724752,588.4573517055904,582.571655214451,645.6101590873116,608.981698514452,656.161127468703,686.6471755767302,636.9457179171006,651.5358147927767
670.283364847741,597.4995124284926,542.7832484148811,660.2127675515338,665.7768106429494,657.0786862651986,661.2361471737247,737.4630022026315,652.8762370871137,656.9223320608897
565.5986742239942,538.7168323287683,467.9500267769478,535.0749422572661,487.4591747142899,549.4734278549084,577.172888383611,531.0577107105651,494.54873830770003,609.9450509325546
689.1845426988439,721.9141946280993,629.1787723388244,715.7858619029814,670.5201335063549,598.3431260758092,757.0648441652652,762.4261218016908,723.7400080420349,729.3804150633201
611.5755651524815,593.3765270871639,558.245405598231,600.5224043503194,635.6455658692104,559.8199257033742,650.9018223927665,710.117231434953,636.4426255186423,601.6300376730982
760.0571592350046,685.8668904824395,622.905270071732,724.7674521327956,739.6302136493407,715.3870980048056,689.3342210415809,785.448421526666,759.824331808557,735.5115390311478
323.17582901729463,292.0848571860937,346.6694120457548,217.16082084717033,328.08136664452695,296.48829107034976,343.33984921278056,337.97054336643237,323.5646682749229,260.993483260003
783.9770371693487,732.0086598975648,690.8578860764623,774.7627708569357,816.286432337341,744.155551946446,810.7358474621785,886.2932803922091,797.3173806979012,729.3180654609673
725.006237749203,750.9021757569737,736.0562660763427,645.7809966678324,738.3615497217638,718.8933559030432,758.0159588276406,747.1453762478313,720.4875932604544,685.2182588504756
605.8073205871405,606.3027121445697,544.9799680189335,693.4411167318556,625.6997249034611,539.6024986899818,675.374705731547,727.2676184044481,637.9974562730055,644.5583114077701
348.30680738975025,356.3044349078608,294.78363942245164,388.98433094097555,355.4654699437156,262.987857628386,393.50958240627534,424.5354581430386,372.72714749496663,406.07725948635743
459.6661255493084,542.8993193025275,510.0225592490808,505.9691352931213,464.75604050696495,469.78939419761184,544.6212870544815,550.9228566699172,516.3848970493372,468.79450565025974
648.2281838476556,587.8463446576686,503.6440333213586,659.575397567436,619.244449359534,564.4608461365549,659.2813381051003,719.9534246637979,666.8558832344337,636.4012487608455
839.1568376054313,854.9009707310295,819.9642904940172,817.3990890137869,843.7355327971608,804.1220813983044,940.8160411730925,912.5272060369344,829.067289933327,819.3846351497888
592.147384672474,533.9679040371321,503.5726386585162,557.2045959192864,581.6119125097874,610.2603918813844,540.813246775312,619.4596074640268,599.210257364218,501.28064473484034
629.6754532329301,595.190615919006,552.2775382925013,713.7611423412038,655.743226573955,601.7759266374038,668.8130128444967,756.4521658670818,663.0108047456301,609.7717324133762
756.2381811390842,797.3672651621523,735.0284630390533,735.58353264626,738.5624033408766,727.8398427326591,795.448423131264,791.6691937149493,782.8873438177498,718.5407566369909
680.2708209712911,578.7645058922091,589.6755143244291,653.3731669710176,714.4969387467846,656.3066562427636,681.8747105954976,776.2285717921725,688.7111551475781,574.4001394249011
790.9568860273632,716.5586966980521,648.677838722855,779.6865923914177,781.2367745957187,767.0902956076853,789.9205274277615,861.2717741520249,788.4794061221022,749.5113825863988
681.7965388807191,668.9703535927773,636.038809793981,688.7736892886719,696.2745631256942,664.6805592727413,738.2354110581061,765.7319050704986,681.5630386680393,636.1347220896234
529.5250850900267,517.0904544210379,492.37628920176917,488.23284573615797,529.536321482506,483.99101968786414,529.5049374052046,583.502164138414,576.7430831636746,450.4089516876494
411.75857781984695,460.6166133618981,458.1400714289675,444.43198768219384,463.7701664086811,347.32115553280755,519.1370346158325,541.3531886904343,478.0527129792285,398.9224171957898
708.9991551888714,635.376094595205,664.695216851215,679.3696545621856,756.2979806814765,683.3520207585875,691.5021242990688,795.4773145203017,719.665044704261,662.907075470112
725.8146562834233,718.5556822828912,669.8712122914078,712.2154978367535,733.8885003948415,733.8951144967934,719.5381483195994,776.8015919048722,728.7031220233177,691.5918932224778
728.7025060992288,731.2574132888057,633.4371670752153,684.8129723721089,681.8091853300355,654.8314357909871,768.739090121157,744.3324181388151,736.4185122165889,697.514744144699
510.9705863117657,434.0354565396444,462.85564980092846,535.9116754031945,554.0622810643872,544.7083896531666,501.4879378047453,601.3704758946038,498.6018642101446,477.0749839645021
806.8138044271813,802.9121656749977,698.2905163858495,835.1243255755993,800.2803828888988,729.561269360662,849.2549833586585,904.3620334828872,852.5004332569338,782.91602625403
626.0701293157231,614.1511269629103,634.2533904597153,543.5076774175172,663.4099284029933,630.9449999396268,595.7435051036693,674.7769618744163,648.8085582480488,577.0969456870909
344.8664692766559,387.78638598066505,288.98910815497356,331.5317809979974,258.2278855982235,312.5311850875238,367.0901449346673,340.59239628981186,354.2552239421735,397.93886423000316
721.2604779542444,742.2969592987461,643.3708058123095,746.4059755187583,694.0549328482379,715.6922511363307,735.9524294245764,779.6285005570239,751.6460054607452,700.6957472886336
721.2466168793072,716.5257407875207,723.675677819806,679.5225884515805,756.9426627056173,756.1339941261609,728.3701100168221,777.928629589217,722.3063652614148,649.8203593216621
707.7793925465985,670.9909329322252,591.2176903208489,635.5235201800726,659.3465801620971,681.1774458315473,638.8226424236208,717.7417574941708,736.3492387405367,659.6684438384352
642.0312493702522,654.0183352651488,570.964035479767,589.0547529615042,601.140513752155,583.1849209105145,660.972813665026,672.5196748496994,671.3220467420808,620.5464229364879
512.6179353400106,498.2734431867447,391.085333397536,468.325468712204,462.3772446304701,450.1128273995178,539.1635066037476,542.5530466376367,509.86275316708713,509.5741881123038
454.5509065427079,490.46863115635813,478.61829211146136,439.6570943770013,482.31362892745983,423.9751632656139,524.1395649390274,519.0607106738319,455.8869840288834,509.7483357927207
543.7113163045975,564.5954476288605,474.7508904696445,593.6864891543676,537.3257256550022,473.3203370293282,583.3800337372882,606.6789818138577,559.514309719296,613.121699914698
690.54536973692,594.0922950979436,469.8694393483457,659.1532298439873,596.9221536100346,614.3631440085696,686.9575951849497,690.3343412810135,644.745553210921,702.1575869918073
458.3418879810012,458.4011495864106,316.0709825622643,442.7536689360945,351.20016961745137,380.95369902428814,479.96029096782416,434.98185782815875,446.367886478172,481.40781313552395
292.8107222687652,310.249692444537,321.7271814256321,296.4105133037259,310.40840733519667,237.27987973780654,415.6967666856519,364.01856287661303,281.8996668587914,280.82532171976845
672.1883993823762,636.9830332689488,563.5379546595196,651.7637054955551,663.2005829306449,628.7131473248182,665.1152972532774,726.8693302444995,688.9850261676875,613.0691880556247
677.4275835258852,610.9649271404696,543.8782339622467,639.7918727617124,636.8091805417032,667.591524285886,618.8035753186855,673.0971633765973,635.5471676472282,684.4405120499057
468.66293804425464,410.7972178006694,416.1922252965807,357.1631016847483,420.58488050281613,468.3974849903336,468.2531209480812,397.45720117771475,368.0637463397035,465.54126824428414
415.55790621224565,388.92125465786734,321.47950848093745,451.8153618331091,416.5346999203886,354.6628640407718,423.48985718311206,490.7199387404216,440.6536537377479,463.7573713007599
781.8442817759066,814.0104974944302,725.4314443697855,815.2228160842817,787.4376063449185,742.470045040333,841.8135064056149,879.1736538509571,822.6688469387519,767.6230429638676
663.6613167577339,626.1735904394978,597.4591680597335,629.1435122992195,681.0069358893626,652.4503663767363,617.1134705287216,721.3193456989427,679.6811678062281,633.8023709962843
570.7564636714792,547.7506875896522,513.6737124593365,585.7590814035223,587.1874851181524,530.1653617123018,665.7030952792819,674.6315319327301,570.1113243504783,516.7864760361653
603.0791442185031,647.6886912594051,547.6764927665181,616.1425653053527,563.4985586528929,522.247493541655,635.476597172341,619.5140733300694,620.6402456746769,674.2982889087145
776.2214078951146,757.7030121058393,774.0368765974605,741.5466402326015,840.2990863200413,755.6310682659964,759.2509097425874,850.9316758885443,809.0826732160059,712.3327842991135
713.0142865288483,729.6508606458164,670.7083999120647,775.7390308816973,734.434140190288,657.7899562898107,802.3598267610864,804.8575910763797,715.6596212241406,733.3889655166371
672.7154404446687,670.1145736029017,606.2391682985839,658.8776251126116,634.4218122098872,613.979727307773,724.0500253704505,681.9799774551398,640.6364313833309,685.5548121008648
581.7469105908181,588.5020276639726,545.6396374902312,550.5722984999506,600.3672845675486,564.3927954413319,583.8974318854404,650.477754810851,616.5765997341309,566.0031654234141
865.8499662187465,824.7410211842748,712.2760887835186,845.7210913084506,827.6298518885333,803.7020348464508,865.8508425045603,903.8131528992003,865.1434394683646,830.1279057104927
686.6909106142562,678.3805794102271,600.9035531376986,657.6302562989426,636.748740342935,632.4953772512595,722.3279743324895,688.5221867701948,644.9201328291416,729.0622079237573
777.5543135858005,783.7251460072486,661.2680467495669,765.6574060183967,716.4541563717753,702.4033046455529,843.0151781358522,821.433775988633,784.5775032028898,789.9372213547507
605.4131339822993,643.9742368766914,628.3367978150521,616.6311623460546,647.5021183507309,599.2113156143131,625.7504826830204,702.2342596712635,667.8724464462864,570.2529577211989
610.10040194434,631.0125855607318,569.1833953675778,602.036981827221,598.928699310926,597.1503510849942,647.8268955941918,651.1117993332853,614.9609652896128,576.8749937275655
486.3959645919637,500.40547769818807,526.5271613811346,516.5012799684782,561.8395171583235,450.442255118413,579.901014700949,595.4998850397866,495.41861519424043,471.9872237149507
699.7376787262342,655.7464940492829,573.9603511167257,673.4580172926429,672.6657216379973,653.8066793142385,717.2391744757621,736.8577178643516,670.4441441903568,687.8446942018456
697.0377110123454,647.9700769969601,578.6486568588881,706.69634841171,693.3633196675434,639.9703224754936,669.6977570541243,763.5312407906644,714.1072554230118,701.1737668986326
734.1280885841475,687.5032871202308,638.4983842832803,676.6027611271209,713.7821003489964,700.4708305363991,721.9279341532435,728.9877374047275,676.1367375896913,773.5859033314653
766.189102763229,699.413866245772,696.7280444972084,681.6108835120018,778.3534580488888,766.3771396102268,710.2260065320826,785.4174678546646,749.8196529834977,689.2374855274528
699.0367028197725,766.6033389106207,730.841029461317,743.763232432471,738.2294055084257,684.8703149641098,770.1251596894349,816.0499457717301,761.2804400074479,716.6792922736706
536.9769157382204,558.8806553659168,489.6697652904287,559.0285145014202,529.8815280517451,519.1862625399958,513.3386974747513,587.6972643007991,583.6375372586599,526.701341978398
487.14211357635094,549.541742929575,510.46411155492376,491.6547733579893,485.984297192615,504.01229660535483,502.55141763869904,525.289365756085,508.53206321747524,530.9013030822763
733.9868709513663,772.0021093208244,703.5252222909901,774.7822033312193,738.363565860497,708.6989074846109,773.809367498899,816.5093836525213,784.850575345061,701.0737698499033
589.8580139871615,560.5524479524782,514.9052039196122,484.6324976504174,547.2346341250126,558.4384177874861,587.500898517238,570.8580902828653,577.1046198403179,526.4753724372576
645.6418570481595,586.820307265897,476.7361327344928,604.3701523081803,576.3353468980522,556.4483973822646,661.8006570287093,635.9245379537264,608.3855847121155,635.2016742009033
