500.0
10
0.1,0.1,0.1,0.1,0.1,0.1,0.1,0.1,0.1,0.1
0.0,190.15172214629084,289.3635214291362,185.97788043256924,181.7022502964014,133.37638459765319,221.3499706582199,209.0713243363337,129.15245087257028,149.7968192090075
190.15172214629084,0.0,194.64624453461283,204.18265227145073,223.12979800293164,195.36218367050364,187.56817515619937,253.5746247809791,172.008305153257,191.66330773624736
289.3635214291362,194.64624453461283,0.0,293.07178849663006,204.68568910814685,230.85276297166845,265.7604446466968,299.88628433346435,269.06467790991,311.17796339258337
185.97788043256924,204.18265227145073,293.07178849663006,0.0,201.8619567496339,228.2433747989966,197.15976072097843,161.66473876280605,164.74361575012125,196.15252864335346
181.7022502964014,223.12979800293164,204.68568910814685,201.8619567496339,0.0,177.32612363393764,230.65206370719213,141.29599270310945,166.4478311767295,257.7716531472214
133.37638459765319,195.36218367050364,230.85276297166845,228.2433747989966,177.32612363393764,0.0,268.0686237200081,252.05498426083238,181.19790339318374,212.32302761045625
221.3499706582199,187.56817515619937,265.7604446466968,197.15976072097843,230.65206370719213,268.0686237200081,0.0,204.44943128120826,237.88426386332455,240.1864051879316
209.0713243363337,253.5746247809791,299.88628433346435,161.66473876280605,141.29599270310945,252.05498426083238,204.44943128120826,0.0,165.90531557879726,280.8290247484762
129.15245087257028,172.008305153257,269.06467790991,164.74361575012125,166.4478311767295,181.19790339318374,237.88426386332455,165.90531557879726,0.0,214.77637112186517
149.7968192090075,191.66330773624736,311.17796339258337,196.15252864335346,257.7716531472214,212.32302761045625,240.1864051879316,280.8290247484762,214.77637112186517,0.0
767.7820766467225,769.2346554556383,677.435519113913,804.8090896336539,765.2801407315934,734.3167582703493,794.4024409291345,848.1600822156882,780.1088491058525,799.2194417967615
686.7294578145168,597.7465388621748,540.0858634320531,632.0286078419035,670.0515150288046,618.7714612990687,689.6590145131886,714.9317639042144,642.0390054388922,670.4862717641047
839.6102581636137,815.561040936121,694.5155786334486,799.5796124003725,788.5226614858044,792.694428145352,803.8301830390091,865.3536748984807,858.6567928956871,826.1905731971776
716.9325772237659,696.5087960836302,592.235809484897,725.5081662305009,698.5162113892844,662.0708023430163,705.500811801785,788.8272501658984,762.1133531709218,676.4344369132908
429.46309339045706,385.39877089728856,362.63963086642747,471.75484691506665,477.4290106753145,367.9936648369885,442.41868922664617,546.5108524842879,475.8961925653561,426.68822115269796
676.8068023047391,666.3973492275829,613.5723806211871,633.6205855428321,666.3826781159452,629.1592799361003,669.1631502692119,711.1332305887695,681.150050230726,705.155750837817
632.3579573918178,610.7960164652441,507.12578687057606,641.4820811948656,608.7651230087639,553.4821135766871,692.6604339627229,718.0606487992792,650.2183890693798,628.7098015392462
508.05034140941785,539.4495859816639,502.94510027008545,558.2245942486029,550.4082919615269,434.076202270479,609.0745166224832,636.7594598301263,554.8912810756459,539.5393414552879
745.4051654590442,739.0126260979225,713.6925806183688,711.9583342864717,781.5262836205732,716.9922618670656,763.9062284135506,823.549981431226,758.3186337670672,740.6212166332635
555.538216961902,635.2484548055276,647.0525493254565,552.9419563928934,615.172278552681,564.884262224395,676.9415652953595,650.3058676089216,577.6043998844922,536.1536256965387
837.8270734344945,818.1077488871556,710.1663867982628,852.611607354432,815.3707936553533,780.3436101605735,857.7037097102101,924.9775745469886,879.7476886854422,798.3739893971883
681.7914928442699,684.7836251165036,625.2174127432169,675.2055631379656,686.4072270652537,657.4871419439168,662.3900208390655,752.2900613099949,725.4038953570687,674.1776296581111
482.5523952665027,490.30145046367676,537.1674762367911,554.9480396177723,543.3178034732256,455.1985997233426,652.9844632879662,613.6725402852348,473.9426872650043,466.97276150516
577.0853692353801,584.055122333073,508.3910450099583,493.1061709591133,519.8943154564447,523.2495251662556,560.5106802378285,547.2814939313755,570.0219521479142,615.4795250880661
593.20939911367,557.1678473980222,417.0743984087502,602.2707009155512,532.0869021423448,515.8196447361795,580.7884829153895,628.992872101729,607.6718810970079,594.4616283528826
545.641158840066,546.5411571090248,528.4903628683719,554.2015267235101,559.7013366068013,497.0056208296469,655.2000658661058,654.503266875748,572.8561512537128,493.48333243350316
430.6522684450958,314.5832185155429,248.30004030343736,345.45526118477494,348.9724223626519,418.81276994093014,331.2851963545577,386.34399065219446,393.61815655804156,383.61723731817625
657.8073451554071,699.1318319088421,639.3933161526493,710.5125850292918,666.9499586756814,577.7372077978541,733.082268008303,738.8709430854061,685.4581168244217,720.2475844299744
589.8944452547693,565.1164516120687,487.65403531118915,507.3287189409277,537.6645125276923,514.5235303069791,584.5595704769037,575.8995286557395,570.209879935687,615.0016096290292
678.9640403035544,637.3721316590091,657.3385660027186,646.4882923742422,723.7861150307945,656.8318902816009,750.912539244899,774.3243597171127,668.1904229651349,602.4435209615207
534.395847561391,490.9186512954592,524.8478461823184,457.7698722140253,566.6131203347228,518.9568032967276,516.1427347875556,542.1996184617008,494.78391295579706,524.5517801452457
438.17737605125495,523.4939429967382,521.0962095802121,493.4915098606166,505.43242420829756,446.93750995192164,520.558148876924,542.7380246405098,475.62986734400664,498.19401435287904
915.4366947609382,919.2936610507402,820.0004238397177,909.2595088504851,897.9196038382013,860.416568258978,923.8661230585213,970.5529564786932,950.5602433913015,878.5739536955391
650.5298288136837,682.9115575401938,583.1464227183661,571.970540705847,570.6659539121681,626.043617304771,649.350622081202,603.5060846275669,643.2110255913083,656.6369144541749
624.6003048613161,678.5267585806981,662.6993251482551,588.9143877496225,656.1751152813988,580.5843209678284,674.6393432572744,682.4722928081604,661.5746164216688,623.6223099414997
791.6552648851081,735.3080467804173,642.2746011071007,814.3398579218898,793.0681062908305,707.1959761675337,808.0498697571295,887.3265862732342,822.6070124572043,754.6625719268527
730.6605215190635,678.9038508377614,633.2272915778316,730.3565219328747,752.264608671576,688.3033485004961,749.7914845428934,807.5164416561266,714.0776538393816,721.5529783776116
684.4888148256864,705.0666389521022,650.579133678087,753.0801879019662,726.8793435194182,627.6835904102699,784.4619888602361,817.3600841487086,717.9879661160736,681.3502147300883
682.114550465164,637.0050597542295,560.4360419634094,669.84429444479,655.5245517947048,617.5809963002596,744.7202848973325,761.0698546560934,690.6292176542871,629.4892456289041
749.7140217692903,782.7221439562146,664.6567704974235,764.3241655170449,710.0296756016293,711.5439307983718,801.6592238283173,808.1255122404359,772.4950059010914,765.0518173845842
735.9366141380931,726.9545595355808,635.7633330501013,770.3136761386879,730.8862090942135,665.1630071459932,794.77205142814,810.5724201990835,732.7036904626805,754.914218606158
587.0416666108289,552.9577973274264,492.15742109239307,666.6783250948597,599.9266947128268,522.3729338765525,645.557127879235,698.6835653824389,610.1657272887588,572.44533645784
340.48373018741046,445.54228114859944,413.31206316291264,386.6377183117585,361.84614398206105,342.3807255653933,421.7326111120781,409.77003492039097,385.1123635492326,386.1748033625145
650.4111127091409,617.2188667724752,588.4573517055904,582.571655214451,645.6101590873116,608.981698514452,656.161127468703,686.6471755767302,636.9457179171006,651.5358147927767
670.283364847741,597.4995124284926,542.7832484148811,660.2127675515338,665.7768106429494,657.0786862651986,661.2361471737247,737.4630022026315,652.8762370871137,656.9223320608897
565.5986742239942,538.7168323287683,467.9500267769478,535.0749422572661,487.4591747142899,549.4734278549084,577.172888383611,531.0577107105651,494.54873830770003,609.9450509325546
689.1845426988439,721.9141946280993,629.1787723388244,715.7858619029814,670.5201335063549,598.3431260758092,757.0648441652652,762.4261218016908,723.7400080420349,729.3804150633201
611.5755651524815,593.3765270871639,558.245405598231,600.5224043503194,635.6455658692104,559.8199257033742,650.9018223927665,710.117231434953,636.4426255186423,601.6300376730982
760.0571592350046,685.8668904824395,622.905270071732,724.7674521327956,739.6302136493407,715.3870980048056,689.3342210415809,785.448421526666,759.824331808557,735.5115390311478
323.17582901729463,292.0848571860937,346.6694120457548,217.16082084717033,328.08136664452695,296.48829107034976,343.33984921278056,337.97054336643237,323.5646682749229,260.993483260003
783.9770371693487,732.0086598975648,690.8578860764623,774.7627708569357,816.286432337341,744.155551946446,810.7358474621785,886.2932803922091,797.3173806979012,729.3180654609673
725.006237749203,750.9021757569737,736.0562660763427,645.7809966678324,738.3615497217638,718.8933559030432,758.0159588276406,747.1453762478313,720.4875932604544,685.2182588504756
605.8073205871405,606.3027121445697,544.9799680189335,693.4411167318556,625.6997249034611,539.6024986899818,675.374705731547,727.2676184044481,637.9974562730055,644.5583114077701
348.30680738975025,356.3044349078608,294.78363942245164,388.98433094097555,355.4654699437156,262.987857628386,393.50958240627534,424.5354581430386,372.72714749496663,406.07725948635743
459.6661255493084,542.8993193025275,510.0225592490808,505.9691352931213,464.75604050696495,469.78939419761184,544.6212870544815,550.9228566699172,516.3848970493372,468.79450565025974
648.2281838476556,587.8463446576686,503.6440333213586,659.575397567436,619.244449359534,564.4608461365549,659.2813381051003,719.9534246637979,666.8558832344337,636.4012487608455
839.1568376054313,854.9009707310295,819.9642904940172,817.3990890137869,843.7355327971608,804.1220813983044,940.8160411730925,912.5272060369344,829.067289933327,819.3846351497888
592.147384672474,533.9679040371321,503.5726386585162,557.2045959192864,581.6119125097874,610.2603918813844,540.813246775312,619.4596074640268,599.210257364218,501.28064473484034
629.6754532329301,595.190615919006,552.2775382925013,713.7611423412038,655.743226573955,601.7759266374038,668.8130128444967,756.4521658670818,663.0108047456301,609.7717324133762
756.2381811390842,797.3672651621523,735.0284630390533,735.58353264626,738.5624033408766,727.8398427326591,795.448423131264,791.6691937149493,782.8873438177498,718.5407566369909
