1.0
10
0.1,0.1,0.1,0.1,0.1,0.1,0.1,0.1,0.1,0.1
0.0,190.15172214629084,289.3635214291362,185.97788043256924,181.7022502964014,133.37638459765319,221.3499706582199,209.0713243363337,129.15245087257028,149.7968192090075
190.15172214629084,0.0,194.64624453461283,204.18265227145073,223.12979800293164,195.36218367050364,187.56817515619937,253.5746247809791,172.008305153257,191.66330773624736
289.3635214291362,194.64624453461283,0.0,293.07178849663006,204.68568910814685,230.85276297166845,265.7604446466968,299.88628433346435,269.06467790991,311.17796339258337
185.97788043256924,204.18265227145073,293.07178849663006,0.0,201.8619567496339,228.2433747989966,197.15976072097843,161.66473876280605,164.74361575012125,196.15252864335346
181.7022502964014,223.12979800293164,204.68568910814685,201.8619567496339,0.0,177.32612363393764,230.65206370719213,141.29599270310945,166.4478311767295,257.7716531472214
133.37638459765319,195.36218367050364,230.85276297166845,228.2433747989966,177.32612363393764,0.0,268.0686237200081,252.05498426083238,181.19790339318374,212.32302761045625
221.3499706582199,187.56817515619937,265.7604446466968,197.15976072097843,230.65206370719213,268.0686237200081,0.0,204.44943128120826,237.88426386332455,240.1864051879316
209.0713243363337,253.5746247809791,299.88628433346435,161.66473876280605,141.29599270310945,252.05498426083238,204.44943128120826,0.0,165.90531557879726,280.8290247484762
129.15245087257028,172.008305153257,269.06467790991,164.74361575012125,166.4478311767295,181.19790339318374,237.88426386332455,165.90531557879726,0.0,214.77637112186517
149.7968192090075,191.66330773624736,311.17796339258337,196.15252864335346,257.7716531472214,212.32302761045625,240.1864051879316,280.8290247484762,214.77637112186517,0.0
767.7820766467225,769.2346554556383,677.435519113913,804.8090896336539,765.2801407315934,734.3167582703493,794.4024409291345,848.1600822156882,780.1088491058525,799.2194417967615
686.7294578145168,597.7465388621748,540.0858634320531,632.0286078419035,670.0515150288046,618.7714612990687,689.6590145131886,714.9317639042144,642.0390054388922,670.4862717641047
839.6102581636137,815.561040936121,694.5155786334486,799.5796124003725,788.5226614858044,792.694428145352,803.8301830390091,865.3536748984807,858.6567928956871,826.1905731971776
716.9325772237659,696.5087960836302,592.235809484897,725.5081662305009,698.5162113892844,662.0708023430163,705.500811801785,788.8272501658984,762.1133531709218,676.4344369132908
429.46309339045706,385.39877089728856,362.63963086642747,471.75484691506665,477.4290106753145,367.9936648369885,442.41868922664617,546.5108524842879,475.8961925653561,426.68822115269796
676.8068023047391,666.3973492275829,613.5723806211871,633.6205855428321,666.3826781159452,629.1592799361003,669.1631502692119,711.1332305887695,681.150050230726,705.155750837817
632.3579573918178,610.7960164652441,507.12578687057606,641.4820811948656,608.7651230087639,553.4821135766871,692.6604339627229,718.0606487992792,650.2183890693798,628.7098015392462
508.05034140941785,539.4495859816639,502.94510027008545,558.2245942486029,550.4082919615269,434.076202270479,609.0745166224832,636.7594598301263,554.8912810756459,539.5393414552879
745.4051654590442,739.0126260979225,713.6925806183688,711.9583342864717,781.5262836205732,716.9922618670656,763.9062284135506,823.549981431226,758.3186337670672,740.6212166332635
555.538216961902,635.2484548055276,647.0525493254565,552.9419563928934,615.172278552681,564.884262224395,676.9415652953595,650.3058676089216,577.6043998844922,536.1536256965387
837.8270734344945,818.1077488871556,710.1663867982628,852.611607354432,815.3707936553533,780.3436101605735,857.7037097102101,924.9775745469886,879.7476886854422,798.3739893971883
681.7914928442699,684.7836251165036,625.2174127432169,675.2055631379656,686.4072270652537,657.4871419439168,662.3900208390655,752.2900613099949,725.4038953570687,674.1776296581111
482.5523952665027,490.30145046367676,537.1674762367911,554.9480396177723,543.3178034732256,455.1985997233426,652.9844632879662,613.6725402852348,473.9426872650043,466.97276150516
577.0853692353801,584.055122333073,508.3910450099583,493.1061709591133,519.8943154564447,523.2495251662556,560.5106802378285,547.2814939313755,570.0219521479142,615.4795250880661
593.20939911367,557.1678473980222,417.0743984087502,602.2707009155512,532.0869021423448,515.8196447361795,580.7884829153895,628.992872101729,607.6718810970079,594.4616283528826
545.641158840066,546.5411571090248,528.4903628683719,554.2015267235101,559.7013366068013,497.0056208296469,655.2000658661058,654.503266875748,572.8561512537128,493.48333243350316
430.6522684450958,314.5832185155429,248.30004030343736,345.45526118477494,348.9724223626519,418.81276994093014,331.2851963545577,386.34399065219446,393.61815655804156,383.61723731817625
657.8073451554071,699.1318319088421,639.3933161526493,710.5125850292918,666.9499586756814,577.7372077978541,733.082268008303,738.8709430854061,685.4581168244217,720.2475844299744
589.8944452547693,565.1164516120687,487.65403531118915,507.3287189409277,537.6645125276923,514.5235303069791,584.5595704769037,575.8995286557395,570.209879935687,615.0016096290292
678.9640403035544,637.3721316590091,657.3385660027186,646.4882923742422,723.7861150307945,656.8318902816009,750.912539244899,774.3243597171127,668.1904229651349,602.4435209615207
