1.0
10
0.1,0.1,0.1,0.1,0.1,0.1,0.1,0.1,0.1,0.1
0.0,248.20013436299234,271.9480247357571,225.5039493878326,294.6694128546013,339.50528005983546,323.84919313516787,298.5469195539224,296.5650731913135,161.86976847181015
248.20013436299234,0.0,312.90928185244843,302.8487538146625,300.1056244511913,304.8203615605925,345.2209837370491,322.6638121242673,250.23164506410083,303.891275020041
271.9480247357571,312.90928185244843,0.0,365.79362325544105,304.9032345197588,330.2948977691122,393.47559532703764,218.66479932070246,283.4638044753261,267.64808736425545
225.5039493878326,302.8487538146625,365.79362325544105,0.0,327.05471989511193,342.38216333086064,326.8482399063189,355.5999143945473,333.00975199393304,262.1664981509559
294.6694128546013,300.1056244511913,304.9032345197588,327.05471989511193,0.0,354.56006442126164,284.9217100929449,264.2414244651418,300.9257782685052,342.3325755984895
339.50528005983546,304.8203615605925,330.2948977691122,342.38216333086064,354.56006442126164,0.0,304.26956927532825,269.1572253414403,297.79825484566027,317.9720682135755
323.84919313516787,345.2209837370491,393.47559532703764,326.8482399063189,284.9217100929449,304.26956927532825,0.0,334.61904761063994,353.14770732740266,368.6861341810033
298.5469195539224,322.6638121242673,218.66479932070246,355.5999143945473,264.2414244651418,269.1572253414403,334.61904761063994,0.0,308.33551474392476,253.27155933958394
296.5650731913135,250.23164506410083,283.4638044753261,333.00975199393304,300.9257782685052,297.79825484566027,353.14770732740266,308.33551474392476,0.0,266.47224547491675
161.86976847181015,303.891275020041,267.64808736425545,262.1664981509559,342.3325755984895,317.9720682135755,368.6861341810033,253.27155933958394,266.47224547491675,0.0
787.2018010626695,676.3149253254772,782.5297935396143,764.1309541086295,631.3967031722082,641.579557849074,557.4009538319275,651.2386705882419,698.4961763352169,795.9542435509585
938.1992308593606,840.0076923767723,835.7107333015086,954.7318245414775,801.5875284203644,699.0805492070795,808.2966125770391,805.8432131615177,731.8487191583869,916.4364042278419
960.1362083525362,896.7794411129211,1006.471481187755,1009.0805563336011,898.6331704199349,820.9101003318033,821.3341518417501,899.63221916748,850.7094433864117,957.9670452337926
548.1927293652421,460.3788171821943,577.6784818275896,546.1235575481466,459.74672832937875,492.22730212694756,391.7436127179813,580.2412438158805,416.68833357224946,585.7036367376995
699.531841385657,624.7681023465149,715.6247062808437,776.3199124559375,605.1787540372593,582.5408926866243,647.1962636954713,641.2073408794724,683.5692920823407,752.8456686805207
758.6186958147896,688.3040868572494,700.4174182602189,754.96184387645,598.4272206809073,556.2930463200258,713.2553590660249,612.6607998184754,618.6502071085739,719.2930509556415
795.9421662586665,758.2781389750002,765.1516196851452,865.672097986849,679.3232260049631,680.8058145063347,639.4472496322699,747.1926515815302,740.6456766677122,834.6133458114037
824.2210231932438,700.8332151063144,801.5932430243755,906.7754563122511,768.3313800273467,722.7708822264589,761.0102009827342,776.6708815435813,644.6376634792917,819.4620131393136
1048.6861679467381,948.9204080698051,1033.0849531645533,1030.3873387705846,937.2816661566115,814.0371736981331,924.1932941916809,959.911196465301,875.9476233499242,1018.1164395856478
837.9519976203205,739.5195250761902,850.7854881481442,884.9541063391569,717.0086478414622,684.9354998542758,780.398188438317,753.0659023888136,758.0924811770635,858.8812546222737
627.3858845321893,567.9063914800136,618.0012174906183,630.2813012482601,511.50230131327834,518.4374102502755,492.2502327160366,583.0838950391179,493.20223673962477,624.0323247961637
730.3729395343624,567.2826497025198,698.7639047231972,774.3632001394354,611.4187632760295,615.6148715760041,673.8423920687309,675.7294866501602,596.8081445511638,730.2046696383622
848.3464651538479,802.8989324701233,800.9695473564145,876.472281217233,626.0440452392339,778.868387097602,760.2889555884741,769.4167724308218,832.3165119880777,910.1383198285065
953.9363223708857,800.1231016829911,907.3077317496006,992.322513722142,763.8959516106839,827.7834840771193,833.1405226635073,847.170960698681,820.4295996554516,964.4178687767713
939.4840083664726,826.117073332829,938.0694326315585,932.752821382654,768.2160492299334,776.3583292860734,801.9473836061663,896.4067913877104,843.8028383072957,988.6781171462301
622.5803651401025,526.89907840795,603.1363295833776,696.4307783438145,556.334566535178,519.0522579254819,565.4190304917454,577.2478439156603,491.3887517622471,627.948908515202
680.0267189581093,610.3156528746529,637.5213099625361,725.5038515550518,617.8028770502766,468.85464453336425,587.8603511085244,613.6296847222642,622.012005734799,678.6330035302686
983.2264822284392,859.4931570270425,987.2184515091576,1023.4286592348707,884.8143042894873,821.5455371498832,890.4032324633406,902.8739071234804,854.0623226270216,1001.4992526144734
824.0736950380543,726.318354796478,700.8946905384137,861.4922548498224,713.858316449174,562.1879433331437,732.5244193882268,650.4435485564338,669.6461373261078,793.0753686477806
740.4229203058676,647.1964496058449,624.0911521273026,808.8116752238224,590.3897894657816,625.2622284189039,659.8228283411464,560.6265089260198,640.6174596173274,757.1028779671994
956.6061754505293,840.2741576654242,909.8369977528362,1025.3367656556673,810.1538251801514,783.4101381434463,853.7870273896691,842.2417370662234,840.7905861054642,971.839572502171
655.9687238190792,585.7751830640791,547.2804333368459,697.2880381068002,544.3723707497262,502.6078655399986,629.7834803147941,564.2589690452058,474.1924703145407,650.7940558643314
693.2854979604053,604.396036600318,752.7780260318614,740.7055802229607,668.8114648141735,591.0301878046995,603.2030310162617,704.304091470759,742.8080394499935,775.233940919375
842.9538416710475,715.7684396675882,818.8001985850459,867.7339764818346,781.220204707769,630.7745965374731,802.685317095988,799.8348801290576,714.6747150194886,854.2763408724945
722.5789888670441,741.6434279736111,678.0047910000062,821.2255854255224,652.8077785592277,708.3242953256326,752.9783705964671,706.1269573610552,629.9933425200799,726.9055503191054
737.1880468651146,577.6140450858451,610.3023175783347,774.4110142894482,648.8218721926255,592.4423334573574,686.20530844992,641.6577870237207,554.6257250915388,746.5497722418305
878.1285513358093,798.7196428469323,826.9097878270378,882.1574842763204,806.5472313622483,727.5099076978665,811.4653224878235,770.7370784781007,764.6732958953384,858.6980997504245
713.588413779068,580.4484748043783,639.8603767629343,709.3398033106782,592.4171218584223,547.8341800736904,536.30315525237,607.4626432677562,533.6254734101364,714.5126978446756
718.8479685675184,595.1878056160404,717.5063522963663,725.9908219431186,587.0402406882757,563.8793342750696,657.3138792274237,686.1983932295468,625.7219787866954,755.3640264111184
832.5493324016038,640.4471028388884,766.2650009715966,855.4728100480655,679.4821136918632,695.1770362935589,726.3165858877428,709.4924047573321,698.4713819414234,861.6868543818466
1026.0062198699375,866.6627234244896,961.8814369622698,1027.9078887504456,841.5986928046218,807.9965729327986,873.5377298093515,855.2779426632301,862.9278201243726,1006.5254674284101
591.6279476486795,563.2847745778283,637.7366945863788,681.5519332398436,539.5773762859405,470.5504247479928,554.9944309170688,540.3775032136822,582.9161410467999,589.5779339915617
775.4501352172265,641.4760093928455,750.1287494564991,656.5781522574974,672.9698665361531,578.6191397712494,671.8020466743377,711.6635247771808,627.8049861089657,787.8154936034751
842.0593825871356,773.4109916371939,847.6486013900412,853.7389985000036,708.1232550544828,758.5678717806801,722.083715354956,742.4832991826114,750.4860191294994,839.3616887883264
851.4587908837254,756.2938950965673,857.5928321684135,850.334706187226,855.912197658781,665.4706546803917,793.9338814708175,803.6230022275253,716.9942861291411,829.0149486026007
718.9839393374367,623.1758340084814,656.9754272191329,745.0940531892539,581.205887330232,553.3352736006899,667.5254491872383,572.6484408343142,578.2307707215892,708.9537906030292
869.7941609875277,772.2124387239941,724.9971633764783,871.4405520010495,722.1107835180766,676.3126393091632,742.2265153320885,661.1629876700752,761.3657493356712,869.0193657934965
722.7962420970531,620.2914568756509,682.7274613745132,786.1769147048803,556.1920722853195,606.4098012255895,580.979532354537,562.4440695168616,634.297248820858,732.5106722828573
876.549271977735,813.0926713469242,851.3907235725745,921.2618093531987,795.6825202825818,731.9846525483404,769.2362932647372,869.4339174732197,752.488931676777,910.0888810866198
723.4300233228048,642.8611167078194,808.3798109796211,799.5843436369594,663.3092498173962,652.7141083103533,680.4254379423621,732.8392307011974,692.6857778093986,768.1576290586603
896.3163565251368,786.5076347813581,778.5318183108134,898.7185507167518,704.3109326429345,650.2566859530262,726.3548523877365,691.0228438466505,724.7458967049909,863.5644153777093
915.5307482243878,795.4817393170634,862.1591171841296,835.0690214863284,791.5274916566284,685.6540342365269,763.3080705395749,797.4425226204578,826.4421036712947,937.1989666070058
797.7758735260647,725.1450496726741,724.557525912877,831.219236128184,750.125769758878,542.5699820667145,676.3111176747805,663.104352161684,671.1536352303556,769.7098888070591
832.9210559551414,753.4901287733851,756.4483177551868,829.1525832360112,709.3198500279993,587.0862060499275,708.261941997553,685.6130433583156,668.7926007671325,786.0600488494358
997.3817439327044,865.9559473522307,921.4043124763684,995.6282884221196,868.4035866500653,780.848159676625,875.6677066287245,891.9249656408688,832.6230741816046,1003.6870487226984
965.3921680744799,886.8323912053762,889.2079216821443,943.3363379407873,862.9561389259244,709.9460118347838,849.2014004388069,826.5026825721781,841.5488727208552,947.1976546383929
672.929641435442,597.8559074742402,599.9272416181152,722.6833903418109,627.7270738650662,511.3178388163257,618.2132280657246,576.6742050659177,610.0944130082909,702.4434902249532
971.4065397705298,792.9829790366384,1003.8849158838133,960.6833416678237,825.4679117811904,828.2817128538138,797.4542131844157,928.164411855004,854.2644663884524,1010.9922344271507
612.7755995170133,529.2179963352503,583.99357545783,568.0206169204858,452.4315686189773,509.0070536327471,514.8742373753116,587.2355829141212,529.4391117410585,664.2858550007395
973.4424862119888,915.0773097567695,930.9707468801831,952.3112757023898,822.340324879453,790.5382268665534,791.7484770258566,880.8501091471759,871.8688836915157,979.7413066004077
913.5095342343742,768.0304955017814,846.4579522401914,941.5880929061798,769.8248154863069,708.2900974537828,776.4580997976752,794.0429886227901,714.6245488283498,904.0893832527826
819.5662806497538,679.8640163639171,804.4683677799268,773.7892576327223,686.1763978698073,581.0467396944744,667.2205250340685,716.4953093360502,669.3668904667837,791.983894301561
749.9158738606695,665.1017531722728,706.515521245899,742.5747892995373,655.5757863023027,518.4215055538513,676.726676765985,555.7729198562674,607.574984321896,679.2579287173264
992.4395715126623,850.3881745593205,896.2444134042578,1003.6216156044704,919.7429931873976,770.0973941188035,896.3614410896413,861.9177180510462,901.908768110526,998.0100682375362
769.2049148116043,676.4639156118362,750.3271086591129,790.7067544725957,626.6476971117539,631.9157782249323,678.841934674206,749.9931173201993,584.8876340852356,784.4378984277433
854.6219115248002,764.8700974356462,820.9547963986873,786.0076938037632,726.4592237384815,613.049740147136,726.8740175600211,778.4920300617792,699.4310826453565,846.6717044441211
704.0666757184067,629.4484337129454,680.1051717869791,703.2332243952648,544.2046258947863,690.7254721255606,590.3474357741779,657.168198883161,627.8795856711605,743.566129370752
729.8885653076816,633.1908774281176,671.5604155911929,712.9374185358148,542.1121663373591,560.0934689648584,650.1988960940184,629.967949817369,607.2585696945957,725.5292017191899
720.6628208660801,638.4511963235606,667.1123298599323,761.1946285799468,593.185308253585,618.2706006123675,569.0572150397755,578.768612146946,570.4753860047024,694.4645507946283
824.1137888193963,731.8264719108779,784.5384808894468,889.6546625098135,675.2106666291693,687.277318073769,710.3371928498807,635.3725984363399,740.6989819662476,796.7427988140909
902.3822293494817,879.1482048550901,815.7566792089244,966.2326183987899,807.9784872129233,694.4198770562963,738.6792028494693,742.9584581399737,836.9663733949664,890.6601492248706
797.847104694182,689.684768703061,756.3380130121596,785.9993176819548,672.080032535049,672.5877972537206,741.2855160233221,734.3203819845605,570.0303003356939,779.4724327570849
960.859349869558,802.6900606406747,856.7456741040052,970.1420651630524,737.8094169628939,782.7022128125315,814.8448020083947,803.5465717238028,800.0550547370007,971.9834497099855
934.2939118320392,832.3782255734545,848.5918443091683,988.5956092378805,800.5541475376701,722.6421956346923,793.4347582420124,805.6235942399112,859.9381509266595,946.0355329977921
983.4659594933935,818.3109335647765,919.1045866869878,1030.8177281329918,846.8857005159502,803.769482064884,864.303942939379,857.9623981887122,816.5997406344009,992.3375932848875
762.6482205432359,628.6875308476914,650.8163479468004,804.1341271305045,698.5909181577283,537.555449721106,622.6809913438987,642.1410137541395,665.9999615482559,778.1589839627711
687.2504640537423,555.5867011132623,681.572907467231,730.7222201701691,622.4428973492264,628.3992050227679,631.3766600947027,655.4037853836647,570.9658356596358,724.6928808885333
671.00116539023,608.326032629051,629.9902980730609,642.9000734955438,477.2233109997598,511.4063006217512,507.8945396466534,538.9907077462939,524.1131757043281,634.2608618614582
771.8808214323503,708.1210061144276,783.401019238934,815.8542789440127,647.9028226572871,621.0291918447518,606.9813274582141,670.5447818574228,671.4345452458475,753.37821492254
699.0365155595417,656.922644437048,528.3853711798271,724.1758643051347,541.6890950265492,554.2292081405199,583.5695046102604,475.9849815373225,640.9869359413306,682.7591650088981
795.179121419772,700.7859055786569,827.0973399220014,781.3791217720636,679.5039025239568,625.5377565175697,599.5192193438266,739.1598614809201,761.5419998920685,847.3361191512381
661.7965526829896,615.0581045968337,575.7578601158432,713.8884381068405,571.6675753964947,536.3504354403325,640.5787972109794,568.2484163195958,551.5275875672853,667.9641722271255
739.0532613089811,634.1718827790986,628.9575549815324,660.3144888154651,556.8448841993999,559.5534051762447,539.9893271153287,563.9068624379499,626.5798990124282,734.0011496669364
953.4244569747564,799.1032216617576,943.2642874338762,978.9128466814074,822.4952963353546,778.7022763244777,874.4343699256549,890.7363418118723,781.1229213187652,964.3256521546712
1020.6065157617275,847.7012675195816,965.9379719189213,1038.9559792150085,906.3563771674064,801.4544168244681,867.7162363760935,892.8042974754889,852.2267236716596,1025.903377510759
799.0211450680164,733.3224333719461,757.9219656962458,807.4857159958809,689.5352011890853,625.486185860062,684.1056611271363,696.8816800447433,664.3324858190412,780.7651005664419
766.2757489200064,631.7738684661882,655.7312723461555,758.9873501232031,680.0521525042121,574.7399914438244,744.5826980399097,658.9520964931413,513.1404861834532,725.5760509116197
803.4204896463391,646.7633881738852,802.2048517941541,820.536381202658,656.887083789596,703.4265357789751,707.4898733632779,785.383397182701,606.7377479990118,817.8836452765054
736.8060205651304,643.2212103457897,694.0632831483432,742.5766801231215,642.9330897986624,591.9678990555565,660.1254398612638,698.4489544602995,485.7258222844506,709.0650967183402
570.4988317303635,530.9814670537066,474.5873119739561,634.574037396744,425.94467148269825,426.13705797701823,470.84317936941744,461.2409422018737,457.59824898582565,564.567044802475
738.1140383199507,683.3509529646228,725.4248117581378,692.3703725494693,624.4333684474025,559.2129433271585,546.8823404257082,592.1054117809028,697.0677558140205,747.1619592522104
902.3002780371097,832.6722736908993,962.6137098049184,891.5073680039753,757.7998697288671,767.6067986535261,695.773309000707,847.6119398340942,780.5423983821722,896.0237316484015
791.3764368904317,757.0717933832109,776.0088360905733,838.9272899281132,627.0788935822807,716.0713782596611,725.9454253761962,733.6432049711846,727.408083083192,833.6112791905969
844.6785877415674,694.2761476359861,787.6204052670084,848.7073611599618,712.5630606637326,619.2207693850344,709.9693514224791,690.2725683902254,695.2689838847704,839.776160592619
941.2482637866021,851.3889270573521,831.6606999456609,968.6633276149669,861.5025820800599,719.6886372321073,843.1142814591802,763.8488771620738,801.7470460378643,897.9708089530632
694.371965043985,599.9416014790064,669.0940947479206,756.6915594147533,646.6094355474113,562.1557276497173,693.6817006919226,685.9115486881132,585.4108240070921,709.2938530241692
1055.5459529278546,922.4447146327866,974.4117502345883,1054.2810728810134,941.8230790967941,785.9244032003937,879.7663275483682,901.1997117640157,876.3607291416346,1019.2590868330157
751.7286806157925,623.4065033699471,707.7118529966237,781.5859874658161,634.418605298893,585.9675623328384,678.035140705614,642.7209221154386,589.2677326553929,712.4973590520817
704.481826564839,617.7839850750646,585.8246474480874,745.9527027356588,571.2769801214733,524.4349531170966,613.4687360490743,556.3926148928575,575.9440933168883,720.5566580288561
857.2234346279615,782.9602742116438,756.539107423616,881.5813053868028,741.172555510274,719.5228628302149,753.7078321451851,753.7515331305143,725.944349553183,843.1002718316461
672.2316394061354,574.1851035504848,704.4859077564154,712.8226300194431,663.553630128198,555.4212409314156,624.8179543771737,658.8116365917592,605.6961151069568,689.0896309087635
825.371709943911,766.286846778769,713.4918339460878,789.7466146733439,716.9961545489472,576.8292359745802,594.3279648211576,679.7603573911965,664.8863078541831,796.3206482938176
935.767695507131,857.37021195307,868.4913880160018,962.723313509493,711.4676540439639,803.798403850124,780.9701151637199,779.3012274239718,874.7507222581594,955.7481132724132
724.6115585304584,624.9724049719281,743.576151050663,733.0374009248736,572.4739571932662,621.0511836615923,565.6487770662701,595.2807560790691,615.4433326059681,717.5132930867758
581.5618406884392,522.4249711942138,506.8707192646641,667.4606364718287,429.7120177376227,509.91814233095306,601.6515570054352,443.38667773384395,563.4349052829789,604.5315209084947
754.312749099821,676.9293978572056,651.280288170056,741.26315128662,573.1788916876756,608.1101352980993,566.3168360826887,527.0933834857287,671.8512881085805,732.834751968856
732.437485697806,671.2727460440753,669.6610960762276,774.9549770128427,527.1318485782996,624.8237645674214,550.9778805810446,591.3014019921386,632.1673014534545,754.1578732910476
923.6819494317516,830.1914192481858,762.0817688907733,962.7716075116977,767.5136235712257,742.8232541649438,900.2191780485018,722.46238005685,770.8260066666032,879.896746076698
867.7175640493283,854.3495441945234,801.8402500560993,829.1552679669785,738.2951341600794,616.3155885971427,628.0677936546706,694.7236966513436,774.2251414142723,831.2558107810949
750.0138173723905,690.1943755720403,735.9790865488752,709.3032917656334,628.9374829196338,569.2413814702351,658.6739856682199,658.377034767794,651.4094700512139,740.3249678615543
