1.0
10
0.1,0.1,0.1,0.1,0.1,0.1,0.1,0.1,0.1,0.1
0.0,196.88059840841225,261.4343200646505,232.50859357052838,300.6547900567149,153.12693900173247,286.409405504583,310.3134340911902,238.00036030613,281.85109557680977
196.88059840841225,0.0,122.63612220687841,216.59719005796495,246.12211290563152,211.58488395361275,247.1267691412893,164.62476006599238,229.68063269289024,205.53716721081778
261.4343200646505,122.63612220687841,0.0,220.55029372216745,251.0658665198209,225.96083889599848,248.1864697833212,177.53056638957966,265.7648391191426,227.44959794860088
232.50859357052838,216.59719005796495,220.55029372216745,0.0,334.56105497788406,176.8450767518422,266.1948973861913,255.20374963770462,283.7874462691087,359.9318522119422
300.6547900567149,246.12211290563152,251.0658665198209,334.56105497788406,0.0,281.36406946833847,287.4032051043335,240.54601426764594,231.38665622251003,164.54069728095826
153.12693900173247,211.58488395361275,225.96083889599848,176.8450767518422,281.36406946833847,0.0,326.1158496839462,306.5143342022796,285.4342019311494,322.95324199960214
286.409405504583,247.1267691412893,248.1864697833212,266.1948973861913,287.4032051043335,326.1158496839462,0.0,221.20794522952488,241.0072981328925,253.17450852616307
310.3134340911902,164.62476006599238,177.53056638957966,255.20374963770462,240.54601426764594,306.5143342022796,221.20794522952488,0.0,212.4304541724369,218.4833388215049
238.00036030613,229.68063269289024,265.7648391191426,283.7874462691087,231.38665622251003,285.4342019311494,241.0072981328925,212.4304541724369,0.0,215.15248947429225
281.85109557680977,205.53716721081778,227.44959794860088,359.9318522119422,164.54069728095826,322.95324199960214,253.17450852616307,218.4833388215049,215.15248947429225,0.0
719.4527913632704,610.0083060114569,598.5483416652917,676.4698169134383,480.6606418034525,714.649364369556,572.4269507004436,500.29592417549844,548.5552199863546,488.95280957397557
749.0485948847142,647.5244610492066,652.561892908269,627.043629044443,725.17650278454,753.6943858200663,565.7789010914987,524.8111223772166,660.5189149882601,699.8849511580261
674.6494004878551,601.6580800242117,623.286315490289,632.5229590770114,605.2175286487733,735.1828752831634,470.92618385868997,528.8628129591993,533.2928962551374,557.0593053302197
729.5674723635437,659.7845858635469,732.8477391398923,771.7090381943016,631.0126604624353,795.5509631132712,661.314414449656,588.0166067806225,617.9551354263855,580.8955897056226
722.2732726489667,695.5141391230158,787.8238913756728,790.2958617534615,683.0357657415556,802.0021351002655,700.2316701396549,659.4624318288185,669.080134668186,639.7935536393044
478.83227375375776,379.3049357046883,343.31312600738147,403.1161673822218,445.21292136944334,499.2336141394883,221.47423274305154,319.31352128184244,421.56176178863745,387.7950661250637
640.3995351560884,620.2929172297311,680.8206773190091,639.5295809538887,656.7307488823146,726.3170462949294,550.1933928959868,553.9244159214139,495.3186163781821,599.8657228789166
597.6342542720796,498.2056769513704,560.3587130502572,578.3474358815945,553.7231117253186,655.0527127043943,456.22850418781013,409.7624665254084,492.645923853671,508.86300422701964
623.7115415514442,543.2528900687387,552.1964773090615,544.3567244340978,457.82762643917044,605.480938342383,549.941881367033,461.2728877471657,453.0363516077502,510.10484168245773
633.8316089509732,546.9913619477051,575.9693570373561,651.6857414205385,582.7711253978495,699.1764722008905,508.35717116586346,454.04002083790795,458.97540577744246,508.3336765395427
635.42136647965,560.968797603952,580.7785475420081,590.1363483972731,529.6265882083327,675.0205766555082,435.9265140796651,488.9352912682633,546.2233177451964,495.868276295223
849.2852033641663,686.8962580058807,639.0651888695553,770.5930885507538,660.1349616002863,838.2589838916649,632.9110120640519,563.8613536190157,697.5351404143389,627.3155913017633
858.5218772764144,742.6197703793656,800.4168252928446,866.6834666469698,736.2444626166437,918.4502436533373,740.2643726498281,665.3349168111791,723.3228560171383,680.1059874697909
884.6116084079628,795.6786384637837,794.3449846753888,855.4666716698016,818.7424733604272,944.8238873778173,721.1707335948988,717.533008870697,707.8508151957369,732.3472318318336
657.7483318237101,548.7145822163958,525.8817620265613,573.1695986443716,512.5508395547671,655.0081083442187,506.6678853449282,473.91602103226825,533.7253360417828,487.31911312215226
566.7639550169313,453.63591693915004,486.8511942920523,568.1478810352257,371.2811831119396,581.847161404776,459.4008212864113,358.62398009876216,412.24316999690757,393.11486815333626
310.31598167487283,296.43947597666966,331.15878652182016,272.8592223193882,375.63914161922054,351.4742990829475,288.72453710400697,316.97197800460157,237.32907574801627,370.62589831618055
678.6663824690232,547.2532249434038,553.5397989761753,641.2734737806182,620.8762254665945,719.5455608120785,567.3838822788398,525.7272425304752,573.7631547197202,537.8881013074805
800.2291941135355,747.5894649692485,751.05132035077,760.7841034339637,816.5057512768966,873.2634217651852,586.3611306788956,669.6455400966616,677.7161470018453,734.5284820290719
424.8807153035161,329.78074242016925,376.1795185275533,328.9828145211945,422.29557713022893,445.26999807009986,342.47390803313533,311.06403599870737,359.3573999039855,417.24320248356537
887.9380123226235,762.5425902606183,781.5807988501136,837.3226219825018,823.8420349127936,932.3564757914827,756.066232417941,722.0449619058884,797.9524982383898,741.4395891647197
757.8337252300022,717.1290976351722,755.4530711491985,774.0861472590763,738.6549841972443,853.9586202383613,586.7202780164981,682.0166471154771,663.9695385327777,654.1643857812281
685.9582554352713,620.2556276999433,637.1675299974661,584.6720848922548,633.6466834091996,696.192236586339,582.0581519401863,549.342250813961,591.6522261411887,614.3228762007252
552.6347950799105,438.97771383669567,448.66586104811216,540.9243120680097,470.27814496487287,603.6216186897836,403.3058922229536,417.50968870235755,462.2215462391088,382.5194215694443
569.1375729065351,458.7845336113435,491.59091848024406,548.3432637964374,549.5723682662183,611.6549150300975,529.4358810838438,465.0615554932371,469.15148377866956,493.48237975668275
875.2673869988066,737.5480168368978,725.662584747426,774.8593069010738,769.944471093871,896.863788819129,654.9859506800808,616.9636221194238,707.9030597082841,721.8588224219184
757.4808589270059,612.5580173707933,577.4452045153973,700.8652331974927,540.6945050604623,748.6691395365277,560.7998382899909,503.8613443232079,629.2057290453699,512.6708985407638
769.0267320889526,667.7288600108643,697.5350901302228,659.5871131840381,674.305369940798,770.6022224028877,662.4664575080477,607.8788078103693,657.3814697697725,693.9230358868792
604.7018167460719,501.66764737114397,507.5316263229733,530.7914896602795,604.3569130645171,649.8686232561114,414.2366717753074,463.27538699625,558.6039913994019,521.7598752426013
581.9554873750582,489.1077109083831,504.9962290278519,502.004220441176,477.93150439248933,587.5965489431416,418.5701108983129,379.37577652342236,497.22665846587614,463.1837763049082
733.1477790061571,651.8934183659173,691.4535567456029,670.159582722113,702.0999157600916,792.0036259655908,572.1212456569137,562.6407842142729,587.2647891688002,650.218827531396
794.4409236603904,731.8480044820972,777.0167505871187,749.4968007348555,781.6396883282006,857.0360758907466,651.814648664534,654.5205360586793,708.8992777894225,712.2547608507764
482.8670148281989,419.59275512114357,430.2520281433879,408.48183776824754,405.7956473015167,503.96340572527384,311.67646583442763,383.430926494737,391.5281563400549,417.8989403725025
556.1882595879971,594.0447528004547,632.9324771322671,624.892370846801,594.0414139054614,649.9910799428096,552.052155957085,606.4031928048215,466.5917429935421,525.5708356697764
782.2724996705526,615.0664238041094,638.6657852871622,696.7472153051407,675.0094168485863,790.4333911506708,652.8176652045989,529.9461377145589,678.9868016110219,633.6544632996336
665.2621729182646,542.5271372875821,552.7174423442239,646.5852733180009,500.0176624811628,688.2316490614115,536.8250833882682,489.1479854588091,509.6632598831455,493.0837754494597
689.7427896509014,624.167115457886,694.9414803550173,649.2246856926355,718.9837123614183,726.4979031976692,630.4207530773538,569.5707042506813,633.0009311694251,714.8783534005681
488.44703092887147,417.3535987183684,404.97606511585803,391.8192292480034,521.3720004064459,525.0536718828895,274.56976940282567,357.5680959619282,421.87064834196553,457.14438751037045
590.6685510956165,454.4746888333768,453.7617679146097,473.78778611759355,572.2314854780808,605.1356666641726,399.5378112759846,366.8357742886566,502.00557908363265,530.0497696815524
707.6608408359454,620.7630604368153,655.8452942917096,684.5739065748616,706.5907955025441,749.9201132700488,637.8125635633216,535.0557150772781,622.9537909609649,619.2156956553628
620.4319342926401,618.8754852280606,661.1115149045919,653.7459314176873,583.8689835530593,712.5833821018958,465.2004635352173,561.1105111738055,478.4250917968189,537.5715397881515
591.1068718284937,464.18914361585337,473.6447526299384,538.305236891784,504.75531670539084,614.4026835158261,395.1914327074123,336.1539285079966,478.64166204133204,456.4711373479526
610.8515195161219,586.9006412964231,633.9846951800728,634.4544109881705,553.6214440188414,694.5411853280533,470.73236245847437,517.3696255386454,441.0440606538535,513.4285195177117
621.6071966184469,541.8691894305874,543.2960044408032,573.315254073895,634.1703498940553,684.6803568159862,449.0341854521503,499.5113768842766,509.6785309405587,546.7473300160625
629.2907301533302,487.8398780849948,510.16957918049525,575.7109837268354,608.7852087120476,664.8931407021302,502.9608590703779,454.22963858857963,597.4612390725066,515.0341644935665
897.1162583247544,775.7580978215765,772.1382048608731,810.44082100612,708.6589132035829,902.2158464799775,709.6217895490644,650.1038003790147,705.2832928252155,709.7761017189431
574.2017118300369,527.2763603517808,572.8410970282031,558.6949526192437,570.4081081249248,633.2301003730275,533.0441373019027,467.5662771220916,413.75640574613305,512.594037353473
628.4933690335014,568.3731890225906,535.9883164887141,566.6578701897929,525.599414531065,638.5126309177401,498.2784182528709,487.02497305590254,455.7232289817411,493.3923826904816
663.7376231460925,629.6692664110637,673.8813250755652,670.2852159152309,571.4298352301876,712.6934999123081,568.625959678504,581.5033671129642,595.1524567600196,539.027669892544
536.5927030966418,499.3029805058366,487.2020513139288,480.3561345320388,395.9500923205336,526.7018085507946,421.80136435287807,417.0339730619392,342.2842068741152,464.3746268608766
864.2636881022288,724.606475482628,713.97169225779,767.5996824057065,677.9720002357384,828.051604927344,730.4020073198329,585.2967842479898,728.813564135342,693.2021262963777
596.529178206421,572.9577332400404,650.8412281013537,652.427653672935,602.23413256991,665.2414782294862,617.8509877751932,560.2972188131583,575.1799921559814,531.7886118308688
786.0632411908875,706.7308620960155,731.5528117812731,796.4946200141502,705.7666260966554,863.4463655945564,621.4509563934504,644.7657768705186,660.5730374219042,604.8800349172406
627.570960171905,491.2018035834368,508.0106214430629,543.3726183242579,435.48325082673534,605.7925732329227,518.5110220161513,381.74699114919156,491.3318921991835,469.6475654500258
768.277517008768,695.000250438537,682.5940789909968,658.8201558018015,668.6065917584627,768.6913663691669,594.2225846811772,565.1710348861717,618.7733708345986,653.9037589325205
581.5375670941075,483.9823458067819,504.5479225424348,575.4466632811243,512.661811284587,634.6058852236412,405.37607679999513,477.7961787302819,547.1312378925926,449.6681666274621
632.9606245207143,550.4483257260705,562.9880939645645,632.8491893913439,514.4113860574004,668.5669088304583,508.6079147957301,488.4457003848019,554.9564886250018,439.8082219123781
565.5157253868737,507.37913889405525,598.6362966256085,604.1789743085874,607.1032411179776,666.1840173745201,496.5237665868417,490.3350076705696,515.2465835402578,525.2518722340164
876.1476030877245,768.5481104757852,790.3401454243893,810.5998570715735,727.4724618815394,888.2805421029595,768.5611496905518,703.9813199138658,739.1048693422613,724.7159080303653
702.3608572171191,564.7049256495004,520.8337941582978,647.7183388913677,469.2018316931271,685.6143262429994,535.8394620913766,476.3386652561206,563.1938365825016,457.0782092613418
807.5379847119665,664.1413806842123,652.9804269199328,689.2715999067916,667.7726719813065,803.5049490172544,616.7423786836644,578.0179688752344,687.4960326590863,654.9147902871367
804.6325558794138,670.0744351749623,697.4564986318305,748.4102090260013,666.9606010136225,834.4944255990494,643.4962107201756,556.9265760598165,627.178188063513,640.2533877839285
601.2081545004239,520.704035977525,578.9387468821832,528.1349957313125,609.9858806808982,619.3751852963204,531.5635986501328,430.10007868930444,525.1411484043405,602.50796747739
696.062999142971,597.9106690947431,645.4183263938,630.2001925199153,618.428053730317,704.1523110476296,658.5292552429357,579.7781754806756,631.2241547564134,619.8664484851212
671.8664039561777,575.6769426672902,602.4607624306203,611.7445583786428,568.5324953866202,699.6565158260162,467.40635241074034,471.81747612257067,586.3004376933479,545.2830679607829
627.5238369059468,592.1457164968162,623.26190826021,604.7501833793565,645.7660638272249,701.6346700170188,529.7808564087044,556.0830636630553,501.28169610942143,573.4591332050406
739.5038808712253,668.541926381213,707.5278335017555,676.1147985316575,715.3512097566057,785.1473510526515,613.0069401797223,637.3206153671894,691.2594273483753,669.5908735938353
983.5864121288357,869.5870388645744,870.4678107805406,882.7971455353086,838.4144734344414,989.992356471037,809.5145966363804,750.7257029886229,827.436767345586,818.7139837159116
714.136688427945,635.5983285835398,691.5636281286301,650.5123805605405,689.5628375834067,760.832027798,614.8685824430328,549.0863284773822,564.6684785312801,664.308728983898
542.0783888207304,546.7820221085726,593.7526233861993,492.06492404977865,535.364557421578,579.8566504200239,485.31680032231236,509.02984485749516,464.43723157874706,540.4716123476888
731.1997291085613,581.6347978846769,618.6503232597553,720.2042708537341,566.0981070438297,752.478114132538,617.6521853355067,534.3926678683906,639.3866025783384,548.9138880459866
796.5188745625309,661.1823295647511,670.5802511754213,784.2781053088746,744.2978284806092,848.7432581855678,659.7176289344187,642.4713905804008,747.7560033728383,628.5226372530133
470.01349568002155,420.49461308536394,457.0792876564401,490.1355780784525,444.2180021860374,552.0573224512179,287.9597822885847,341.0544466498165,345.6691301713426,354.98028976882796
635.0915488217049,562.6360629634161,531.9893515871577,576.6389214610142,424.0556262026065,599.5357880426349,554.6659836023656,477.7817569091041,440.7975458583519,491.42227711711604
864.5844735838538,766.9919486005383,821.8750755041027,808.7503988603266,780.36713502484,909.9411609813118,724.476979885625,670.7765852732833,720.0831089929336,760.5355119797334
811.7632174117808,724.741635057849,754.1182489983414,741.7231143599907,630.9932935736349,813.5360351026447,677.059653598531,633.9319666325375,663.2723724526159,685.5062125569762
628.9968337706085,562.2332585641914,626.05699473059,611.7137102354224,544.3806646218553,680.3885756337826,528.3177340816183,476.17016992398305,466.2051351466519,541.2041514064205
611.8049005970101,513.6447504056699,567.1827947374821,653.6828238960513,553.9414735339672,684.6961805619974,569.9880603092689,504.16925121492517,495.1491807672986,462.09196615111046
695.2531176515349,575.2757541813836,603.9388411853369,618.2687084117304,543.548039756015,697.6546476544858,582.3581604167163,489.12618422476936,571.1041633095938,547.216937460985
652.4340474059827,527.7114842780454,527.0497835402002,655.2889498400216,666.8990458192753,701.480999026779,606.2278245391742,527.5156567835511,580.9194853715934,539.5650940743361
763.9220383372967,653.2364590413702,723.6844107226555,774.1572905182061,710.9102049749354,824.2904310983394,696.7201810945086,586.6145314944067,636.7697787323406,657.6118597293072
592.2164051617415,535.6692196281763,598.9907825493297,602.2485348320067,546.0387895953544,663.2683326790125,445.6314574666698,506.5930957633309,532.027542958798,522.0480684846663
789.5578416364414,692.6726850084555,703.0501123814685,733.6263453178808,624.3176754678018,813.7832934883671,615.2852271658182,559.916409473121,584.9602448774115,609.9844389855971
592.8172245619334,524.0885165248233,588.4263663192288,570.314811988636,584.8431828469577,654.4671341033957,523.4777764861213,515.5585102441861,506.45417269827885,555.4063072915701
453.8075677212788,342.4943624064809,332.7656533825667,392.0054501851189,439.3954663165678,475.6109154974921,274.52547860575106,262.44239707712825,406.730816406961,362.03004590456754
634.8995507201051,569.6430848137516,601.2509530357986,488.4425565145385,610.5077948974866,616.1133295275064,572.1183310821718,486.5432281403692,521.9628121195469,651.0787149857395
623.5361911235641,560.2227043982681,605.237133957351,573.3912021830449,611.7337658847778,666.7490870138447,566.3716923525647,556.2274050232303,545.7837858601082,584.7681849197388
659.1682862317175,519.2017751938504,519.5565402070586,576.1212320426407,465.12199431881027,623.9620027481526,545.29201676907,380.65726946894824,514.6497144528333,502.1098268115524
427.62976190577086,350.10663584928795,412.26297955026274,355.15763109941116,477.6533312919168,476.35357258644575,345.1599200508753,297.26025432610237,351.77995904303395,433.6421511090305
809.7489773868297,706.8167827144956,705.6203940146054,756.323257586222,688.8913005735535,822.5115128658051,696.9722964516003,600.0703444039509,662.2628909747745,633.9377561637704
746.5251628929253,602.8544376807183,624.4187117571669,653.4295757517415,667.2382230490588,757.5910111620955,644.8693527412645,551.7575428916291,635.205002576219,637.279242255068
792.4136742847229,685.4064642491072,695.7891680726506,719.680651251537,659.6323610458564,786.3707998813604,629.879725073387,591.6090224715603,738.2723095173553,653.4827460090974
635.9870264222321,499.21515182933786,512.7852457605059,553.6066951853334,572.4297084038432,649.0408879617098,518.8401759866988,489.58280877819686,582.6255712768171,539.6570264086939
797.6555766030002,690.1253873405409,677.4357348878414,682.8235882760016,669.6514465663788,807.6979152526703,565.6457090710508,558.7146652306392,626.12212569322,657.3332200002477
694.0693733068485,624.8520443083818,669.0186542156102,617.6794168756232,706.2196396853437,730.6473215887395,644.5181836525885,601.1553044459756,594.2792635585719,680.8194833802241
782.3930880952482,717.5554391446249,767.7609005923791,806.9952986937864,685.6631892279759,863.9346335792605,648.5463762493251,648.5176604779787,620.7230326154051,624.988095525776
731.407398925341,671.3672756261617,697.7592498959796,662.4873869537331,621.1657363329441,757.5658310343001,576.0057417861253,546.6663700025191,561.6369889631677,620.1835558330405
780.1327924771231,718.5208476267227,782.6895873145749,767.5900447283818,779.9229615293339,862.6137092766882,676.1570380466501,681.1533468597373,698.7564526003141,704.4395708402043
595.7147934546704,531.7797160216321,557.8970994988746,588.4605506146935,591.0289359453018,666.5358585469745,418.7994249428707,433.5788872830258,458.7696308747311,514.0791296919011
504.36810731678116,481.276292631815,542.2896024506895,485.5171224708124,502.93242386260175,540.1493364813502,474.58274227557825,403.5388862160043,427.14813137235893,483.44660375109504
