500.0
10
0.1,0.1,0.1,0.1,0.1,0.1,0.1,0.1,0.1,0.1
0.0,248.20013436299234,271.9480247357571,225.5039493878326,294.6694128546013,339.50528005983546,323.84919313516787,298.5469195539224,296.5650731913135,161.86976847181015
248.20013436299234,0.0,312.90928185244843,302.8487538146625,300.1056244511913,304.8203615605925,345.2209837370491,322.6638121242673,250.23164506410083,303.891275020041
271.9480247357571,312.90928185244843,0.0,365.79362325544105,304.9032345197588,330.2948977691122,393.47559532703764,218.66479932070246,283.4638044753261,267.64808736425545
225.5039493878326,302.8487538146625,365.79362325544105,0.0,327.05471989511193,342.38216333086064,326.8482399063189,355.5999143945473,333.00975199393304,262.1664981509559
294.6694128546013,300.1056244511913,304.9032345197588,327.05471989511193,0.0,354.56006442126164,284.9217100929449,264.2414244651418,300.9257782685052,342.3325755984895
339.50528005983546,304.8203615605925,330.2948977691122,342.38216333086064,354.56006442126164,0.0,304.26956927532825,269.1572253414403,297.79825484566027,317.9720682135755
323.84919313516787,345.2209837370491,393.47559532703764,326.8482399063189,284.9217100929449,304.26956927532825,0.0,334.61904761063994,353.14770732740266,368.6861341810033
298.5469195539224,322.6638121242673,218.66479932070246,355.5999143945473,264.2414244651418,269.1572253414403,334.61904761063994,0.0,308.33551474392476,253.27155933958394
296.5650731913135,250.23164506410083,283.4638044753261,333.00975199393304,300.9257782685052,297.79825484566027,353.14770732740266,308.33551474392476,0.0,266.47224547491675
161.86976847181015,303.891275020041,267.64808736425545,262.1664981509559,342.3325755984895,317.9720682135755,368.6861341810033,253.27155933958394,266.47224547491675,0.0
787.2018010626695,676.3149253254772,782.5297935396143,764.1309541086295,631.3967031722082,641.579557849074,557.4009538319275,651.2386705882419,698.4961763352169,795.9542435509585
938.1992308593606,840.0076923767723,835.7107333015086,954.7318245414775,801.5875284203644,699.0805492070795,808.2966125770391,805.8432131615177,731.8487191583869,916.4364042278419
960.1362083525362,896.7794411129211,1006.471481187755,1009.0805563336011,898.6331704199349,820.9101003318033,821.3341518417501,899.63221916748,850.7094433864117,957.9670452337926
548.1927293652421,460.3788171821943,577.6784818275896,546.1235575481466,459.74672832937875,492.22730212694756,391.7436127179813,580.2412438158805,416.68833357224946,585.7036367376995
699.531841385657,624.7681023465149,715.6247062808437,776.3199124559375,605.1787540372593,582.5408926866243,647.1962636954713,641.2073408794724,683.5692920823407,752.8456686805207
758.6186958147896,688.3040868572494,700.4174182602189,754.96184387645,598.4272206809073,556.2930463200258,713.2553590660249,612.6607998184754,618.6502071085739,719.2930509556415
795.9421662586665,758.2781389750002,765.1516196851452,865.672097986849,679.3232260049631,680.8058145063347,639.4472496322699,747.1926515815302,740.6456766677122,834.6133458114037
824.2210231932438,700.8332151063144,801.5932430243755,906.7754563122511,768.3313800273467,722.7708822264589,761.0102009827342,776.6708815435813,644.6376634792917,819.4620131393136
1048.6861679467381,948.9204080698051,1033.0849531645533,1030.3873387705846,937.2816661566115,814.0371736981331,924.1932941916809,959.911196465301,875.9476233499242,1018.1164395856478
837.9519976203205,739.5195250761902,850.7854881481442,884.9541063391569,717.0086478414622,684.9354998542758,780.398188438317,753.0659023888136,758.0924811770635,858.8812546222737
627.3858845321893,567.9063914800136,618.0012174906183,630.2813012482601,511.50230131327834,518.4374102502755,492.2502327160366,583.0838950391179,493.20223673962477,624.0323247961637
730.3729395343624,567.2826497025198,698.7639047231972,774.3632001394354,611.4187632760295,615.6148715760041,673.8423920687309,675.7294866501602,596.8081445511638,730.2046696383622
848.3464651538479,802.8989324701233,800.9695473564145,876.472281217233,626.0440452392339,778.868387097602,760.2889555884741,769.4167724308218,832.3165119880777,910.1383198285065
953.9363223708857,800.1231016829911,907.3077317496006,992.322513722142,763.8959516106839,827.7834840771193,833.1405226635073,847.170960698681,820.4295996554516,964.4178687767713
939.4840083664726,826.117073332829,938.0694326315585,932.752821382654,768.2160492299334,776.3583292860734,801.9473836061663,896.4067913877104,843.8028383072957,988.6781171462301
622.5803651401025,526.89907840795,603.1363295833776,696.4307783438145,556.334566535178,519.0522579254819,565.4190304917454,577.2478439156603,491.3887517622471,627.948908515202
680.0267189581093,610.3156528746529,637.5213099625361,725.5038515550518,617.8028770502766,468.85464453336425,587.8603511085244,613.6296847222642,622.012005734799,678.6330035302686
983.2264822284392,859.4931570270425,987.2184515091576,1023.4286592348707,884.8143042894873,821.5455371498832,890.4032324633406,902.8739071234804,854.0623226270216,1001.4992526144734
824.0736950380543,726.318354796478,700.8946905384137,861.4922548498224,713.858316449174,562.1879433331437,732.5244193882268,650.4435485564338,669.6461373261078,793.0753686477806
740.4229203058676,647.1964496058449,624.0911521273026,808.8116752238224,590.3897894657816,625.2622284189039,659.8228283411464,560.6265089260198,640.6174596173274,757.1028779671994
956.6061754505293,840.2741576654242,909.8369977528362,1025.3367656556673,810.1538251801514,783.4101381434463,853.7870273896691,842.2417370662234,840.7905861054642,971.839572502171
655.9687238190792,585.7751830640791,547.2804333368459,697.2880381068002,544.3723707497262,502.6078655399986,629.7834803147941,564.2589690452058,474.1924703145407,650.7940558643314
693.2854979604053,604.396036600318,752.7780260318614,740.7055802229607,668.8114648141735,591.0301878046995,603.2030310162617,704.304091470759,742.8080394499935,775.233940919375
842.9538416710475,715.7684396675882,818.8001985850459,867.7339764818346,781.220204707769,630.7745965374731,802.685317095988,799.8348801290576,714.6747150194886,854.2763408724945
722.5789888670441,741.6434279736111,678.0047910000062,821.2255854255224,652.8077785592277,708.3242953256326,752.9783705964671,706.1269573610552,629.9933425200799,726.9055503191054
737.1880468651146,577.6140450858451,610.3023175783347,774.4110142894482,648.8218721926255,592.4423334573574,686.20530844992,641.6577870237207,554.6257250915388,746.5497722418305
878.1285513358093,798.7196428469323,826.9097878270378,882.1574842763204,806.5472313622483,727.5099076978665,811.4653224878235,770.7370784781007,764.6732958953384,858.6980997504245
713.588413779068,580.4484748043783,639.8603767629343,709.3398033106782,592.4171218584223,547.8341800736904,536.30315525237,607.4626432677562,533.6254734101364,714.5126978446756
718.8479685675184,595.1878056160404,717.5063522963663,725.9908219431186,587.0402406882757,563.8793342750696,657.3138792274237,686.1983932295468,625.7219787866954,755.3640264111184
832.5493324016038,640.4471028388884,766.2650009715966,855.4728100480655,679.4821136918632,695.1770362935589,726.3165858877428,709.4924047573321,698.4713819414234,861.6868543818466
1026.0062198699375,866.6627234244896,961.8814369622698,1027.9078887504456,841.5986928046218,807.9965729327986,873.5377298093515,855.2779426632301,862.9278201243726,1006.5254674284101
591.6279476486795,563.2847745778283,637.7366945863788,681.5519332398436,539.5773762859405,470.5504247479928,554.9944309170688,540.3775032136822,582.9161410467999,589.5779339915617
775.4501352172265,641.4760093928455,750.1287494564991,656.5781522574974,672.9698665361531,578.6191397712494,671.8020466743377,711.6635247771808,627.8049861089657,787.8154936034751
842.0593825871356,773.4109916371939,847.6486013900412,853.7389985000036,708.1232550544828,758.5678717806801,722.083715354956,742.4832991826114,750.4860191294994,839.3616887883264
851.4587908837254,756.2938950965673,857.5928321684135,850.334706187226,855.912197658781,665.4706546803917,793.9338814708175,803.6230022275253,716.9942861291411,829.0149486026007
718.9839393374367,623.1758340084814,656.9754272191329,745.0940531892539,581.205887330232,553.3352736006899,667.5254491872383,572.6484408343142,578.2307707215892,708.9537906030292
869.7941609875277,772.2124387239941,724.9971633764783,871.4405520010495,722.1107835180766,676.3126393091632,742.2265153320885,661.1629876700752,761.3657493356712,869.0193657934965
722.7962420970531,620.2914568756509,682.7274613745132,786.1769147048803,556.1920722853195,606.4098012255895,580.979532354537,562.4440695168616,634.297248820858,732.5106722828573
876.549271977735,813.0926713469242,851.3907235725745,921.2618093531987,795.6825202825818,731.9846525483404,769.2362932647372,869.4339174732197,752.488931676777,910.0888810866198
723.4300233228048,642.8611167078194,808.3798109796211,799.5843436369594,663.3092498173962,652.7141083103533,680.4254379423621,732.8392307011974,692.6857778093986,768.1576290586603
896.3163565251368,786.5076347813581,778.5318183108134,898.7185507167518,704.3109326429345,650.2566859530262,726.3548523877365,691.0228438466505,724.7458967049909,863.5644153777093
915.5307482243878,795.4817393170634,862.1591171841296,835.0690214863284,791.5274916566284,685.6540342365269,763.3080705395749,797.4425226204578,826.4421036712947,937.1989666070058
797.7758735260647,725.1450496726741,724.557525912877,831.219236128184,750.125769758878,542.5699820667145,676.3111176747805,663.104352161684,671.1536352303556,769.7098888070591
832.9210559551414,753.4901287733851,756.4483177551868,829.1525832360112,709.3198500279993,587.0862060499275,708.261941997553,685.6130433583156,668.7926007671325,786.0600488494358
997.3817439327044,865.9559473522307,921.4043124763684,995.6282884221196,868.4035866500653,780.848159676625,875.6677066287245,891.9249656408688,832.6230741816046,1003.6870487226984
965.3921680744799,886.8323912053762,889.2079216821443,943.3363379407873,862.9561389259244,709.9460118347838,849.2014004388069,826.5026825721781,841.5488727208552,947.1976546383929
672.929641435442,597.8559074742402,599.9272416181152,722.6833903418109,627.7270738650662,511.3178388163257,618.2132280657246,576.6742050659177,610.0944130082909,702.4434902249532
971.4065397705298,792.9829790366384,1003.8849158838133,960.6833416678237,825.4679117811904,828.2817128538138,797.4542131844157,928.164411855004,854.2644663884524,1010.9922344271507
612.7755995170133,529.2179963352503,583.99357545783,568.0206169204858,452.4315686189773,509.0070536327471,514.8742373753116,587.2355829141212,529.4391117410585,664.2858550007395
973.4424862119888,915.0773097567695,930.9707468801831,952.3112757023898,822.340324879453,790.5382268665534,791.7484770258566,880.8501091471759,871.8688836915157,979.7413066004077
