100.0
10
0.1,0.1,0.1,0.1,0.1,0.1,0.1,0.1,0.1,0.1
0.0,248.20013436299234,271.9480247357571,225.5039493878326,294.6694128546013,339.50528005983546,323.84919313516787,298.5469195539224,296.5650731913135,161.86976847181015
248.20013436299234,0.0,312.90928185244843,302.8487538146625,300.1056244511913,304.8203615605925,345.2209837370491,322.6638121242673,250.23164506410083,303.891275020041
271.9480247357571,312.90928185244843,0.0,365.79362325544105,304.9032345197588,330.2948977691122,393.47559532703764,218.66479932070246,283.4638044753261,267.64808736425545
225.5039493878326,302.8487538146625,365.79362325544105,0.0,327.05471989511193,342.38216333086064,326.8482399063189,355.5999143945473,333.00975199393304,262.1664981509559
294.6694128546013,300.1056244511913,304.9032345197588,327.05471989511193,0.0,354.56006442126164,284.9217100929449,264.2414244651418,300.9257782685052,342.3325755984895
339.50528005983546,304.8203615605925,330.2948977691122,342.38216333086064,354.56006442126164,0.0,304.26956927532825,269.1572253414403,297.79825484566027,317.9720682135755
323.84919313516787,345.2209837370491,393.47559532703764,326.8482399063189,284.9217100929449,304.26956927532825,0.0,334.61904761063994,353.14770732740266,368.6861341810033
298.5469195539224,322.6638121242673,218.66479932070246,355.5999143945473,264.2414244651418,269.1572253414403,334.61904761063994,0.0,308.33551474392476,253.27155933958394
296.5650731913135,250.23164506410083,283.4638044753261,333.00975199393304,300.9257782685052,297.79825484566027,353.14770732740266,308.33551474392476,0.0,266.47224547491675
161.86976847181015,303.891275020041,267.64808736425545,262.1664981509559,342.3325755984895,317.9720682135755,368.6861341810033,253.27155933958394,266.47224547491675,0.0
787.2018010626695,676.3149253254772,782.5297935396143,764.1309541086295,631.3967031722082,641.579557849074,557.4009538319275,651.2386705882419,698.4961763352169,795.9542435509585
938.1992308593606,840.0076923767723,835.7107333015086,954.7318245414775,801.5875284203644,699.0805492070795,808.2966125770391,805.8432131615177,731.8487191583869,916.4364042278419
960.1362083525362,896.7794411129211,1006.471481187755,1009.0805563336011,898.6331704199349,820.9101003318033,821.3341518417501,899.63221916748,850.7094433864117,957.9670452337926
548.1927293652421,460.3788171821943,577.6784818275896,546.1235575481466,459.74672832937875,492.22730212694756,391.7436127179813,580.2412438158805,416.68833357224946,585.7036367376995
699.531841385657,624.7681023465149,715.6247062808437,776.3199124559375,605.1787540372593,582.5408926866243,647.1962636954713,641.2073408794724,683.5692920823407,752.8456686805207
758.6186958147896,688.3040868572494,700.4174182602189,754.96184387645,598.4272206809073,556.2930463200258,713.2553590660249,612.6607998184754,618.6502071085739,719.2930509556415
795.9421662586665,758.2781389750002,765.1516196851452,865.672097986849,679.3232260049631,680.8058145063347,639.4472496322699,747.1926515815302,740.6456766677122,834.6133458114037
824.2210231932438,700.8332151063144,801.5932430243755,906.7754563122511,768.3313800273467,722.7708822264589,761.0102009827342,776.6708815435813,644.6376634792917,819.4620131393136
1048.6861679467381,948.9204080698051,1033.0849531645533,1030.3873387705846,937.2816661566115,814.0371736981331,924.1932941916809,959.911196465301,875.9476233499242,1018.1164395856478
837.9519976203205,739.5195250761902,850.7854881481442,884.9541063391569,717.0086478414622,684.9354998542758,780.398188438317,753.0659023888136,758.0924811770635,858.8812546222737
627.3858845321893,567.9063914800136,618.0012174906183,630.2813012482601,511.50230131327834,518.4374102502755,492.2502327160366,583.0838950391179,493.20223673962477,624.0323247961637
730.3729395343624,567.2826497025198,698.7639047231972,774.3632001394354,611.4187632760295,615.6148715760041,673.8423920687309,675.7294866501602,596.8081445511638,730.2046696383622
848.3464651538479,802.8989324701233,800.9695473564145,876.472281217233,626.0440452392339,778.868387097602,760.2889555884741,769.4167724308218,832.3165119880777,910.1383198285065
953.9363223708857,800.1231016829911,907.3077317496006,992.322513722142,763.8959516106839,827.7834840771193,833.1405226635073,847.170960698681,820.4295996554516,964.4178687767713
939.4840083664726,826.117073332829,938.0694326315585,932.752821382654,768.2160492299334,776.3583292860734,801.9473836061663,896.4067913877104,843.8028383072957,988.6781171462301
622.5803651401025,526.89907840795,603.1363295833776,696.4307783438145,556.334566535178,519.0522579254819,565.4190304917454,577.2478439156603,491.3887517622471,627.948908515202
680.0267189581093,610.3156528746529,637.5213099625361,725.5038515550518,617.8028770502766,468.85464453336425,587.8603511085244,613.6296847222642,622.012005734799,678.6330035302686
983.2264822284392,859.4931570270425,987.2184515091576,1023.4286592348707,884.8143042894873,821.5455371498832,890.4032324633406,902.8739071234804,854.0623226270216,1001.4992526144734
824.0736950380543,726.318354796478,700.8946905384137,861.4922548498224,713.858316449174,562.1879433331437,732.5244193882268,650.4435485564338,669.6461373261078,793.0753686477806
740.4229203058676,647.1964496058449,624.0911521273026,808.8116752238224,590.3897894657816,625.2622284189039,659.8228283411464,560.6265089260198,640.6174596173274,757.1028779671994
