1000.0
10
0.1,0.1,0.1,0.1,0.1,0.1,0.1,0.1,0.1,0.1
0.0,183.21904970012523,216.68322727725823,227.452017405487,136.4248116141469,203.703184297408,127.68158998546657,144.9232070246824,61.858960858631356,208.69874831856325
183.21904970012523,0.0,221.83245666463392,98.64982819549442,197.9499298051406,135.54376236141243,141.41568513255282,160.10167646970012,162.08786720251135,165.48647400223666
216.68322727725823,221.83245666463392,0.0,253.4062421808207,299.59655918637236,185.76628626803185,156.6438310773752,167.58607408589958,171.06753747744156,201.09756025932646
227.452017405487,98.64982819549442,253.4062421808207,0.0,210.5223055502723,209.63113228595498,189.77648508812675,189.20164484422023,212.82169067407688,175.7170655491598
136.4248116141469,197.9499298051406,299.59655918637236,210.5223055502723,0.0,246.43766813035072,227.614583509783,178.22740052402884,147.99926920189392,221.84413552642786
203.703184297408,135.54376236141243,185.76628626803185,209.63113228595498,246.43766813035072,0.0,160.8818713608114,190.59257465754706,161.92194179494757,142.20966997987423
127.68158998546657,141.41568513255282,156.6438310773752,189.77648508812675,227.614583509783,160.8818713608114,0.0,170.48927918083785,121.51866415811234,169.70525871373033
144.9232070246824,160.10167646970012,167.58607408589958,189.20164484422023,178.22740052402884,190.59257465754706,170.48927918083785,0.0,103.45346561990125,218.00796263337318
61.858960858631356,162.08786720251135,171.06753747744156,212.82169067407688,147.99926920189392,161.92194179494757,121.51866415811234,103.45346561990125,0.0,181.30201455796572
208.69874831856325,165.48647400223666,201.09756025932646,175.7170655491598,221.84413552642786,142.20966997987423,169.70525871373033,218.00796263337318,181.30201455796572,0.0
640.2456744397119,650.9540166067603,681.6646545910493,609.3589175857845,562.8815792500773,675.0881029558512,701.6593596163668,576.2801620206371,628.5723418203683,647.5506474579147
586.2450078912328,582.47227142102,638.1689006301023,537.2712495695308,471.12106251066484,618.8760451426864,653.6381483020795,527.6617931942458,569.9968028061005,567.5853744520458
476.07157916653335,474.412202988818,444.5973408478426,467.3856062914674,459.8330970772969,514.9368496152166,510.07316644408724,355.14547494621036,444.78502775193806,539.9777755784999
632.7099800327499,558.9615497281453,602.9623995629538,483.26455036739253,556.2720977256126,608.425073965423,636.4473372990716,538.2399719465036,607.1799157762608,551.1600150966035
616.0778210267131,607.0814569366386,549.0723894344083,551.172816304348,568.2022633857508,632.1551486458288,634.7678813210316,517.9410921643927,583.7678216233264,571.2532380360316
627.5015306105229,577.4627511476517,649.063623393562,491.05227372391585,542.3791871667513,672.6193074031127,641.6516843722362,569.0578583859104,621.969439701873,590.4477486351644
429.40191549362703,353.61002307610744,472.4055583558293,317.17141986797026,347.9749408956034,429.24541062447526,460.2156183528581,335.42415561290306,411.0310906280087,436.78991978480184
496.72738445681813,436.2839336328536,609.1487785929411,378.91187847957053,402.4230838000842,524.6265440839045,521.6250601992277,499.54992458221983,512.0845229563199,473.8839072053591
390.9006699497295,466.48767197075205,503.8467092347944,430.5003780527286,300.85107666741635,520.1184929883307,478.6906456581545,402.238300880553,403.1015072760931,445.8649879438939
519.9589129508878,469.685242919431,566.6618432849382,407.6802304287466,459.88237800782497,575.1610283939833,542.0394700560676,442.7751681092993,519.0639772179481,557.0307284766261
400.488217983953,394.24833096591425,377.49008726022674,353.8124680035441,358.0502155388285,450.06504718308213,429.5565415980805,298.1274979509471,373.4190357532426,416.82853133218333
426.98850682996,507.9302563761833,514.9363663732496,504.6985515699146,348.5648217154272,523.8877051420637,525.0159044539852,418.1755978062925,419.9731284367167,488.1509455528773
693.2178186036745,698.9586352711046,681.8313834438269,637.0777047750528,628.9519060866884,739.9709897912929,734.9378318704153,606.1199680794684,675.1371093427819,686.7850841562487
464.87949339547896,414.36643328128497,462.25253761792834,346.63607847043045,437.4854466421514,519.1877978178998,459.64978656763634,378.7093453754365,457.92817235884263,488.95490925419506
533.7133793676217,474.27440068782795,554.103221204747,479.94232758863217,443.11587317146524,466.87985501463527,577.7567239527659,456.1105435195094,496.39896172977916,491.12237980457536
613.9294118488191,560.0759536936841,696.1762171062139,498.4636771637191,494.90545866306485,651.7996997113601,660.3540790162872,563.0947611398446,612.4456783596269,608.0503928230869
631.3323298627345,651.5360827207005,645.5292164080449,575.4447292624077,563.9380368225989,712.439645989131,667.8851551267735,587.5277432374794,627.5182857749791,614.6944131711147
561.1154994785851,559.6413362336451,607.9259548597505,483.014465969419,470.6815308687701,627.584701645201,595.0267832356997,543.465216296192,562.1092802481523,516.1245348022899
364.83157513674996,436.6432709795557,528.9537956122853,442.80570701066364,352.0159275270918,530.1676496126759,437.70669874153117,405.92041990007834,404.1543424188159,532.3473911057471
503.6301250551208,450.3594724147706,635.3800531396013,434.1428085018432,393.7987651000011,539.9377100402518,550.4571701617807,510.70158456793723,513.7287165965638,518.760234508924
327.2311244492108,358.53593920270794,488.0088523071828,354.39300748768557,205.95940053916388,424.99878273926953,420.6029964019681,344.8670298281938,341.56206727105445,404.305695845891
399.17369090497675,336.7065294616701,426.30156519035893,286.3309901931284,301.4899640475923,405.793569953621,430.4889443104165,315.1189476218149,375.2948301665457,368.3886722205451
468.78438987561583,510.9578946322517,446.04072920720085,501.19145309905485,429.4134282958995,489.79515160289947,528.2392693637565,386.2417971060983,433.47910404784375,476.65316976543755
467.0582976009408,490.04060239017315,479.79702780129395,466.6151149943479,402.16009265731554,463.39792161062627,519.3365620299116,425.2035971322492,442.340479720917,414.9401924230612
380.0147146856313,278.97755246902176,351.9947412290266,225.87128589497297,347.26542872600174,319.7377142891842,329.91847996220577,361.3345217326372,359.9281701156815,215.06869923919703
448.81801937345244,443.1124161195303,519.7505565824721,408.0457899488248,391.67649712623626,525.6449584468728,502.10811072931676,374.4544414547977,448.2413356141989,528.3182781135731
416.7193020431147,529.0763650893173,577.5560491789419,509.9077824529793,371.2307612492,601.8052406462219,515.2642660273693,461.5058673626483,454.5296767438014,559.0003453162632
540.3139653451614,508.96755068444844,441.13533207555525,451.6301539938759,538.1989804653737,561.4383673484383,519.68769776505,432.08291829171736,512.5505430938695,520.7915776399645
538.2802155780416,494.5907050713946,549.0592304101709,443.7492379771275,460.35748273396615,540.8968820818802,572.8791038002789,440.6073627677644,516.1435543738869,521.5022212144997
556.2592787672523,521.4150131401524,466.6349324543657,504.6874371416531,520.7166749410811,489.83722321297074,568.7587352837277,442.9750650144225,506.3329759195055,487.20658998225844
506.8160766075192,517.0700956617425,429.4074543432429,488.57012318834336,475.83112212475993,517.9967150852927,528.750330653053,420.3228718872629,467.5418918367995,468.33417352274427
344.2147583634302,367.9277547742353,482.00218867982545,366.89252172548964,353.9791397832768,475.81057172047747,376.60977998554534,369.0655753573982,381.19765232065106,487.90927267669633
345.06201944915017,350.20892957965884,409.2658322091195,351.17015065413443,262.59708156352843,393.83750828348326,411.0260845513662,294.09561299329147,324.2433297758785,384.95550881190167
704.2116916443974,661.6288149975649,708.7040161979861,640.626375157704,608.5942561360001,689.6829834030211,752.7431403549585,610.6295091307733,670.473672953867,682.9754478488557
593.0031402469535,617.7163526050624,594.8278524172335,558.7630986482159,527.5904285172579,654.0118757931012,626.9566967949496,565.5306000246356,581.9727885446488,546.5905482874534
566.6270673349536,480.2807812443456,653.4509352351125,455.80112494297197,457.51125164919563,557.583650281913,606.9917272933058,512.0963014623762,558.4262613257238,566.2215943725907
536.4769496296611,570.0194788474598,500.81511249649367,546.0474359447011,509.29934241816756,599.5258175740154,581.1409707316595,441.86854724600704,508.7601616435111,578.8113228027798
593.8678642898184,498.1084826899653,466.8278873476007,465.7602642341889,568.551275473925,496.3045426663051,564.1087443856617,463.934356920451,542.6528456299337,494.05779428465746
632.2890402486728,621.8862331479993,628.478826474953,571.3455843758048,569.0023488503866,693.5379781906611,667.0598809418105,548.1976209034713,614.6603622203814,649.0083296887954
637.2551053735922,638.5195423937487,657.6881075500212,588.9163784534693,542.685407634583,676.906081744333,697.7264176211029,556.7296757561902,616.7871989539242,630.523174743134
537.5602803999984,559.6792667060025,587.7828650522389,561.8728234113489,510.4952553742671,615.5663325620253,601.3090404075625,452.97303930274256,528.0118793159978,658.1544988599369
536.375649429496,539.2452381620041,558.2812628941022,501.29987791383985,463.234798822945,600.609366635527,593.0628346314986,445.1656111787768,517.6025282389033,577.2428856159868
529.4606607664275,471.30641042053315,606.0812972087632,403.9103824439807,462.74318507980087,600.9892251946558,541.9839262165713,495.53390876885305,541.7992545178521,558.535130332932
442.59919498439257,447.3578101188225,464.43889615772946,401.0332798693551,399.8756007057034,531.1708297593956,468.08361739398435,397.3913957913835,437.1806120193047,473.1552598702584
702.6824458169359,693.6878020193566,772.9929517045266,639.544243378063,586.4768724402285,758.4871307110382,771.5767906759615,643.0929062011097,695.9939774619145,712.8971626234118
575.2902606757324,583.9941047562403,605.2617650659868,562.4262376829673,498.79318971385686,622.3516116894439,645.3777796729784,480.3504753658942,552.5419746388034,623.4004872615698
534.415052672593,588.7272033720254,557.8314525833509,594.2152259366437,506.9262938971507,607.2260174198666,610.7215010684583,449.1532708948271,513.575909399342,636.0926197060047
442.8577371835994,453.68813872089515,412.22037540916335,396.72775875434775,444.3275806086223,524.8782208772827,446.6280922277601,365.00473924146,434.68429039768915,481.4559682508461
250.10245303234473,320.25380533837136,278.28631664520697,352.0906676639667,248.8028084767223,285.7340080405875,323.21271674532807,192.5075802074111,213.760284586757,319.0357627174638
561.9827325847589,515.6003834195003,635.6954210630679,438.90139844372476,449.2102031378082,593.6386155564966,596.3153652045736,532.5248242014883,563.4928243447831,514.4744156800344
347.74558344984723,413.4616747591573,410.53544391754986,384.83978992821045,269.68411951366693,429.59452830088384,427.1980577008491,323.75593206072773,337.37706547545633,365.0597179265862
585.4738763459892,563.2161847270994,633.4456358975954,485.12898009776745,501.14163395239274,620.1327472048994,613.8192314950949,553.4584293333123,586.1849759505001,536.0028313201433
433.8977875473358,453.52507820332136,570.6322539767124,408.3401375986833,337.4998852996601,555.9000563956313,500.024196730134,445.34480311649764,457.02558525217376,498.18962721937436
413.1995811816412,433.74303335034693,437.19028759704406,407.58729463050054,421.4189511176827,481.44906990709796,437.49857064943234,351.59264102356235,412.5171114147204,486.5772654845921
522.975731687682,541.0414850021875,552.2667604142092,502.06039225081446,485.70319725323793,617.2208283223142,571.8648956444912,436.36777692622456,516.8512594704497,607.2119239201223
529.2455662745022,544.5899708985203,537.2246387591584,481.75252731903896,462.5906174801147,568.3141436206989,568.0847561844222,479.9890212398527,516.3912677613523,485.40010408500973
465.6299817544305,520.9508079159966,507.01189499179316,483.2991480812327,385.23874044243894,539.0305885780733,536.1776473181673,438.6143367872244,453.52108836887186,460.06234176934464
667.2157739375145,642.2018129889094,666.0805856847091,577.9618979291638,571.4381901083254,680.9353285201147,698.0380095473448,611.7921964815001,646.5812616575787,589.0268845602736
374.9531796943165,415.45640442969113,407.13127470227187,406.02586022986424,309.9411580106907,388.7458936609021,441.6835299184582,336.9989857634959,349.2476896205951,353.3637950678286
223.36046360719803,164.04989897353818,212.77460630368736,211.9590054310598,241.503015198485,71.68622189966084,195.19270488248154,213.34837695816597,184.8722456569136,112.1184821153407
675.9190910621318,619.649558004759,713.353642361579,561.3994994927122,568.6407291221079,691.2830572155682,718.3129014903868,589.7663823368758,659.8810240352669,660.2825275443262
670.7666901387337,605.9674252434481,739.5163007753373,545.9605028372569,572.8047733316938,716.7071063669656,704.1892911565226,607.7446100372338,670.1023429295673,687.5630932440708
577.5940467284058,463.945928132466,595.4284807483118,450.9345119579067,485.1632355171454,501.17282768542486,595.6072036162444,490.4873915585277,545.7944523051179,523.37669919915
482.80065254127106,531.2409987597877,609.0457053321252,495.43650581547735,391.2894448178889,603.5255625273975,574.2125278248461,460.62232054021206,497.0544315190458,573.792092369683
268.3589699243368,376.5475308324227,330.3125791264204,379.012825662581,255.0335116000561,358.994354553731,353.0633353755925,260.63685338410636,258.0953385567801,333.27088611552387
252.82237071790624,305.4067354824481,345.2202832856999,312.6692841573198,223.25646234995767,371.38621914822085,322.14537453103026,228.33853208924836,251.2079577389056,366.8004635069008
225.81302618747307,339.6698948575001,394.55945568501187,324.92575625527587,188.91877061510462,385.3599758596311,317.30794121839796,298.4572712804582,265.48365831952856,331.25011093559743
557.9381685575587,498.12764634088813,492.9895216959518,435.70458005543776,495.02296291834534,525.294133794609,559.801052417163,454.3260624350904,521.2408306733237,466.5179128083698
465.2169778781327,538.6134932793093,507.762953539083,478.2917177049876,437.5804637569123,587.0705630676915,508.6919932412818,462.6499407009853,477.1101779848929,492.3369112918423
612.9946927131841,685.7117822631257,673.8088551370756,633.5377156881444,572.5475595467213,760.7976216764857,674.5279465919258,592.4653116571375,626.39362745995,694.0144299232943
582.9999523548881,575.9533086599088,562.3953319494472,544.3574444592687,535.658397083557,626.3853738893364,605.9129120757043,521.1007814950013,560.5474847000329,577.4297931037718
641.8171070849763,505.4099527811162,530.9233196830088,457.67314025079264,608.1359443750259,542.7625728214376,592.4916755967589,522.2838635893792,598.1757596861138,529.0214788812407
536.9650386530285,559.2341200789153,694.2683429147851,527.0887379323804,409.71415420267545,623.9026646575284,624.2413721758236,558.7497763510419,556.4184569663521,573.0650940155
529.0671266089973,552.0356523492263,588.2173057036861,523.0177058812069,462.34874455679824,593.7327802115229,600.5198615579603,456.6995261195672,520.6885937847668,590.3877914700822
603.40832085806,504.35777393324156,662.8349447717735,434.69325291749993,508.63760573342876,595.5147531731869,612.1444226666964,555.4759490298001,601.3375468643696,555.3301964113394
623.346617258095,570.0735886531894,701.8541928098392,501.4237481739634,511.78107011395207,666.4637226011363,652.896627717136,603.3997884847283,627.3392114859832,587.6579146791412
399.7127689242561,312.3655605176277,428.40565936139785,318.898459450015,354.19129599176495,376.6286262399955,392.7680430360079,374.15070169670537,381.4522800277742,367.82354261717563
770.3562403027802,746.1997604093399,700.1232062395152,706.8483923802086,712.4135142948077,760.8073642829702,796.0850068684749,656.6857222870046,729.9031957388116,730.3179392281993
515.5973366362127,571.4808623314502,614.261308996951,534.75081971313,412.519137024091,618.2907126467791,600.1183687705246,516.3854055186321,520.1939257539393,542.600745064525
576.2792990963746,556.1942229527325,586.259085468694,530.0162257079772,488.9369564830938,593.3802473060105,631.4661886754199,478.4528101387574,546.0860890015589,581.7871342034666
371.06381773117005,284.56969217176965,396.39874724760665,210.30395749490148,301.67252224316195,343.53359598055135,355.2073642570625,353.41732492951354,360.65382748366557,240.3485086747244
344.99111402356573,377.30576307237527,437.5427680509895,350.4796367845616,296.5378631745886,471.35387909323936,408.05939202220753,302.98641878733855,352.9710112990639,454.1364786866182
622.4512202820691,542.6163415470647,644.4307973726231,464.1202969875719,536.7220288531256,613.4135152731393,630.6749774933,554.9914581038133,611.9926638151965,559.685582714142
475.82556861783024,514.9075383273467,399.86588965692124,471.26701159653294,477.83543909704696,510.48985342922305,472.5299788211966,449.8997961309659,455.61496197870696,405.335962853255
573.8750187496997,580.6367474266331,593.1790546938305,554.4578021538614,479.4822264709582,565.2258982736158,632.687557757443,527.8072316415236,546.6543887150357,511.298892725562
614.4029544837572,566.7419493893509,595.0354743230769,545.2761794960772,535.2084193207306,597.527424277353,650.4733291243499,508.58919851757804,576.4906859111953,592.6166635183195
568.8446875744881,492.26256850392514,641.1920536220185,471.6991250081176,466.8262888040096,569.1625769014331,613.389419106525,495.75741589034965,555.4726974584784,586.4199416563407
449.0536070799729,457.6388226130865,553.2353251527838,410.4528558650537,348.39819903129137,490.21145419820283,500.9807365528006,471.8965067151248,458.5018377768593,400.540652566613
500.00794458161283,438.01640098554515,528.6840667905783,450.3059253973998,448.7398503985234,485.37353935012493,536.6464316756806,395.5983703192629,473.05316446420335,549.6279323732834
659.8830069593189,653.850777208875,715.780722092725,586.0512943308356,558.199457447646,736.1546816304585,713.505935059334,606.9477840260971,657.1589586135889,667.1387918111317
546.7855301718249,554.3538965383876,531.3876482546684,485.0547579039398,482.6743237885643,591.2593177639286,572.0579632345163,498.0335438714599,530.9741827534828,487.1247109354274
418.3064159945076,324.1161746764032,367.7755743825615,248.51174374480527,411.984878460427,404.898400366525,350.82650439038616,380.58844105847146,405.95389077913387,320.60857426525286
248.18680713487998,244.3870371079221,371.98567328740984,207.0198344358261,146.25609600155144,327.52209252401167,309.02545339805465,233.80344805821736,256.3978784034814,291.7224604811526
438.0433244378331,425.64867757893404,516.7372636784074,412.5424043326864,328.2268372673063,425.39586161615034,502.17896905998595,414.01808651497277,422.1738087232471,397.76987731618345
661.9331847121408,689.0560029502379,699.8983572234318,619.1784856228098,593.1526450522482,767.0784746375268,711.220945709304,613.9662208595598,663.6984464243286,690.5288024253175
696.5209601204266,573.9827963967764,605.8780045285399,527.0927664892179,640.0933669763824,594.7832923881186,669.8949071140335,577.9012232096857,651.4968741873851,577.549013829765
537.3268349089699,443.5530378009368,514.1820993933112,354.1016172786131,469.5404418544072,508.97361643021065,512.7323197571392,482.27979029570156,519.9458057845123,411.83753168071996
606.2151614819956,542.5333246496465,546.9734248087017,466.08034878245905,541.3590132432096,576.7426702995693,597.4323209572436,524.9441047715004,576.7268939637702,489.11364361950433
482.52846048136365,469.66346018040133,587.9817836531084,416.9820353935495,354.75881779073467,527.4003173443718,543.4861189657382,474.94207316152773,486.2276670551311,454.86798948428157
378.72954396503906,327.2073089722935,345.90601460708984,264.34868062547037,340.9632160860529,398.9616815153526,380.0483965745578,267.49315651134947,353.12493573983807,363.92257208240784
